 1 100  1000  36.1952  1.04286
 1 100  100  36.2459  0.619993
 1 100  1050  36.186  1.06405
 1 100  1100  36.1893  1.06945
 1 100  1150  36.1918  1.03997
 1 100  1200  36.1842  1.06284
 1 100  1250  36.1815  1.06882
 1 100  1300  36.1791  1.12613
 1 100  1350  36.1729  1.11846
 1 100  1400  36.185  1.08755
 1 100  1450  36.1713  1.14579
 1 100  1500  36.1766  1.16243
 1 100  150  36.2465  0.620228
 1 100  1550  36.1759  1.15661
 1 100  1600  36.1764  1.47641
 1 100  200  36.2386  0.69153
 1 100  250  36.2363  0.740832
 1 100  300  36.2308  0.772846
 1 100  350  36.2285  0.816967
 1 100  400  36.2357  0.747371
 1 100  450  36.2185  0.8122
 1 100  500  36.228  0.798265
 1 100  50  36.2657  0.605212
 1 100  550  36.2123  0.869428
 1 100  600  36.2155  0.815722
 1 100  650  36.2185  0.863962
 1 100  700  36.2154  0.93918
 1 100  750  36.2032  0.940289
 1 100  800  36.2072  0.935162
 1 100  850  36.1986  0.990275
 1 100  900  36.1954  1.0769
 1 100  950  36.1998  0.984373
 1 110  1000  23.6283  1.0933
 1 110  100  23.754  0.682759
 1 110  1050  23.6281  1.1508
 1 110  1100  23.6319  1.09217
 1 110  1150  23.629  1.15956
 1 110  1200  23.6093  1.11577
 1 110  1250  23.6047  1.21539
 1 110  1300  23.6022  1.19104
 1 110  1350  23.5948  1.20897
 1 110  1400  23.5942  1.19904
 1 110  1450  23.5963  1.25096
 1 110  1500  23.5883  1.27744
 1 110  150  23.7368  0.663555
 1 110  1550  23.5884  1.24774
 1 110  1600  23.5761  1.25958
 1 110  200  23.7231  0.798995
 1 110  250  23.7103  0.794526
 1 110  300  23.7046  0.807233
 1 110  350  23.6956  0.879394
 1 110  400  23.6886  0.903891
 1 110  450  23.6966  0.91927
 1 110  500  23.6824  0.908745
 1 110  50  23.7896  0.636343
 1 110  550  23.6774  0.966237
 1 110  600  23.6749  0.964402
 1 110  650  23.6705  0.994411
 1 110  700  23.6603  0.981457
 1 110  750  23.6567  1.04175
 1 110  800  23.6451  1.06013
 1 110  850  23.6427  1.07245
 1 110  900  23.647  1.05189
 1 110  950  23.6344  1.13644
 1 115  1000  16.7803  1.13681
 1 115  100  16.9374  0.695255
 1 115  1050  16.7918  1.23584
 1 115  1100  16.7861  1.12456
 1 115  1150  16.7728  1.1
 1 115  1200  16.7633  1.16097
 1 115  1250  16.7605  1.1919
 1 115  1300  16.7694  1.15436
 1 115  1350  16.7551  1.1595
 1 115  1400  16.7336  1.21542
 1 115  1450  16.7409  1.2035
 1 115  1500  16.7398  1.22221
 1 115  150  16.9131  0.748387
 1 115  1550  16.7269  1.25026
 1 115  1600  16.7453  1.18395
 1 115  200  16.9035  0.754526
 1 115  250  16.8865  0.830698
 1 115  300  16.8796  0.818838
 1 115  350  16.8708  0.821264
 1 115  400  16.8546  0.89876
 1 115  450  16.855  0.886748
 1 115  500  16.8475  0.926063
 1 115  50  16.9936  0.676218
 1 115  550  16.8455  0.89165
 1 115  600  16.8391  0.967007
 1 115  650  16.8298  0.947282
 1 115  700  16.8138  1.02001
 1 115  750  16.8147  0.996973
 1 115  800  16.8014  1.04804
 1 115  850  16.7993  1.04027
 1 115  900  16.7969  1.07061
 1 115  950  16.7925  1.0539
 1 15  1000  295.918  1.44811
 1 15  100  294.115  1.93115
 1 15  1050  295.949  1.46248
 1 15  1100  295.983  1.4456
 1 15  1150  296.026  1.48592
 1 15  1200  296.036  1.4322
 1 15  1250  296.063  1.46797
 1 15  1300  296.081  1.42588
 1 15  1350  296.109  1.43492
 1 15  1400  296.128  1.42627
 1 15  1450  296.149  1.46409
 1 15  1500  296.16  1.43685
 1 15  150  294.466  1.79782
 1 15  1550  296.187  1.44106
 1 15  1600  296.201  1.42792
 1 15  200  294.722  1.73047
 1 15  250  294.907  1.67571
 1 15  300  295.054  1.61742
 1 15  350  295.188  1.5998
 1 15  400  295.29  1.59339
 1 15  450  295.377  1.57884
 1 15  500  295.446  1.54383
 1 15  50  293.613  2.16252
 1 15  550  295.536  1.53777
 1 15  600  295.576  1.5167
 1 15  650  295.636  1.52422
 1 15  700  295.691  1.51878
 1 15  750  295.738  1.49247
 1 15  800  295.778  1.50072
 1 15  850  295.82  1.47173
 1 15  900  295.862  1.47259
 1 15  950  295.894  1.48028
 1 20  1000  231.099  1.6359
 1 20  100  229.774  1.79182
 1 20  1050  231.133  1.69029
 1 20  1100  231.141  1.64244
 1 20  1150  231.148  1.60412
 1 20  1200  231.186  1.69758
 1 20  1250  231.186  1.59747
 1 20  1300  231.231  1.73036
 1 20  1350  231.227  1.71614
 1 20  1400  231.261  1.71575
 1 20  1450  231.271  1.71525
 1 20  1500  231.279  1.70262
 1 20  150  230.035  1.64816
 1 20  1550  231.298  1.71693
 1 20  1600  231.302  1.67745
 1 20  200  230.227  1.64112
 1 20  250  230.37  1.61728
 1 20  300  230.474  1.57868
 1 20  350  230.566  1.53707
 1 20  400  230.647  1.60649
 1 20  450  230.702  1.57615
 1 20  500  230.757  1.57259
 1 20  50  229.301  1.86379
 1 20  550  230.804  1.58003
 1 20  600  230.848  1.56516
 1 20  650  230.883  1.57394
 1 20  700  230.918  1.55896
 1 20  750  230.966  1.60443
 1 20  800  230.994  1.59839
 1 20  850  231.029  1.68123
 1 20  900  231.061  1.63699
 1 20  950  231.072  1.63512
 1 30  1000  163.855  1.92214
 1 30  100  163.007  1.36317
 1 30  1050  163.879  1.99058
 1 30  1100  163.872  1.92486
 1 30  1150  163.904  1.95141
 1 30  1200  163.93  1.99645
 1 30  1250  163.926  1.96529
 1 30  1300  163.931  1.97383
 1 30  1350  163.949  2.0017
 1 30  1400  163.98  2.08129
 1 30  1450  163.971  1.99674
 1 30  1500  163.991  2.02278
 1 30  150  163.191  1.56895
 1 30  1550  163.999  2.05031
 1 30  1600  164.037  2.12485
 1 30  200  163.29  1.43052
 1 30  250  163.375  1.47852
 1 30  300  163.438  1.54176
 1 30  350  163.491  1.58088
 1 30  400  163.519  1.5122
 1 30  450  163.559  1.57865
 1 30  500  163.62  1.71835
 1 30  50  162.695  1.38499
 1 30  550  163.633  1.64444
 1 30  600  163.66  1.71179
 1 30  650  163.689  1.69408
 1 30  700  163.727  1.7931
 1 30  750  163.743  1.79867
 1 30  800  163.759  1.78684
 1 30  850  163.796  1.85006
 1 30  900  163.796  1.79635
 1 30  950  163.826  1.87679
 1 40  1000  127.797  1.73712
 1 40  100  127.279  1.13395
 1 40  1050  127.83  1.77937
 1 40  1100  127.849  1.83952
 1 40  1150  127.855  1.84499
 1 40  1200  127.87  1.86645
 1 40  1250  127.891  1.87619
 1 40  1300  127.889  1.8989
 1 40  1350  127.917  1.93158
 1 40  1400  127.918  1.9544
 1 40  1450  127.932  1.96504
 1 40  1500  127.955  2.0224
 1 40  150  127.389  1.23953
 1 40  1550  127.95  1.97392
 1 40  1600  127.966  2.0167
 1 40  200  127.435  1.22142
 1 40  250  127.47  1.19072
 1 40  300  127.517  1.31279
 1 40  350  127.559  1.42291
 1 40  400  127.587  1.43346
 1 40  450  127.619  1.50949
 1 40  500  127.633  1.46724
 1 40  50  127.077  1.10046
 1 40  550  127.657  1.50915
 1 40  600  127.683  1.55838
 1 40  650  127.713  1.6383
 1 40  700  127.693  1.51422
 1 40  750  127.734  1.67958
 1 40  800  127.746  1.6549
 1 40  850  127.759  1.65953
 1 40  900  127.781  1.72696
 1 40  950  127.81  1.79278
 1 50  1000  104.228  1.63524
 1 50  100  103.878  1.00326
 1 50  1050  104.225  1.60001
 1 50  1100  104.23  1.61171
 1 50  1150  104.238  1.6262
 1 50  1200  104.251  1.62016
 1 50  1250  104.256  1.61978
 1 50  1300  104.275  1.70839
 1 50  1350  104.299  1.74144
 1 50  1400  104.29  1.70444
 1 50  1450  104.321  1.76823
 1 50  1500  104.298  1.6856
 1 50  150  103.929  1.04969
 1 50  1550  104.316  1.79513
 1 50  1600  104.339  1.78185
 1 50  200  103.959  1.03427
 1 50  250  103.995  1.15364
 1 50  300  104.016  1.15861
 1 50  350  104.043  1.23065
 1 50  400  104.052  1.20283
 1 50  450  104.072  1.29419
 1 50  500  104.087  1.29535
 1 50  50  103.741  0.88762
 1 50  550  104.105  1.32519
 1 50  600  104.118  1.36967
 1 50  650  104.134  1.4148
 1 50  700  104.142  1.42655
 1 50  750  104.149  1.43216
 1 50  800  104.174  1.44377
 1 50  850  104.189  1.5042
 1 50  900  104.185  1.47477
 1 50  950  104.208  1.56397
 1 60  1000  86.682  1.38658
 1 60  100  86.4561  0.827714
 1 60  1050  86.6713  1.32735
 1 60  1100  86.6781  1.34161
 1 60  1150  86.692  1.42196
 1 60  1200  86.6988  1.41331
 1 60  1250  86.6979  1.43704
 1 60  1300  86.7189  1.49455
 1 60  1350  86.7279  1.50361
 1 60  1400  86.7307  1.49291
 1 60  1450  86.7325  1.44534
 1 60  1500  86.7463  1.61238
 1 60  150  86.488  0.830824
 1 60  1550  86.7349  1.47993
 1 60  1600  86.7624  1.58298
 1 60  200  86.4969  0.856269
 1 60  250  86.521  0.913642
 1 60  300  86.5433  0.98461
 1 60  350  86.5448  0.984604
 1 60  400  86.5604  1.03244
 1 60  450  86.5699  1.05165
 1 60  500  86.5792  1.06934
 1 60  50  86.3809  0.737351
 1 60  550  86.6056  1.17914
 1 60  600  86.5976  1.14557
 1 60  650  86.6266  1.44412
 1 60  700  86.6269  1.215
 1 60  750  86.6347  1.26215
 1 60  800  86.6307  1.22662
 1 60  850  86.6501  1.26776
 1 60  900  86.6522  1.2967
 1 60  950  86.6603  1.29668
 1 70  1000  72.3806  1.22164
 1 70  100  72.2508  0.741562
 1 70  1050  72.3807  1.22292
 1 70  1100  72.3767  1.15347
 1 70  1150  72.3883  1.22088
 1 70  1200  72.3921  1.21448
 1 70  1250  72.3903  1.22117
 1 70  1300  72.3865  1.21132
 1 70  1350  72.4004  1.31737
 1 70  1400  72.4018  1.24893
 1 70  1450  72.4034  1.25602
 1 70  1500  72.4096  1.25139
 1 70  150  72.2618  0.793034
 1 70  1550  72.4234  1.32406
 1 70  1600  72.437  1.42363
 1 70  200  72.2701  0.77167
 1 70  250  72.2854  0.767175
 1 70  300  72.2963  0.842581
 1 70  350  72.2978  0.888288
 1 70  400  72.3031  0.859191
 1 70  450  72.3184  1.00657
 1 70  500  72.3193  0.94646
 1 70  50  72.2067  0.63059
 1 70  550  72.3225  0.955656
 1 70  600  72.3306  1.00085
 1 70  650  72.3365  1.00754
 1 70  700  72.3409  1.07028
 1 70  750  72.3479  1.10285
 1 70  800  72.3495  1.06131
 1 70  850  72.3594  1.08521
 1 70  900  72.3552  1.13726
 1 70  950  72.3608  1.12252
 1 80  1000  59.8082  1.01695
 1 80  100  59.744  0.656049
 1 80  1050  59.8057  1.0187
 1 80  1100  59.8143  1.03944
 1 80  1150  59.8145  1.10388
 1 80  1200  59.8176  1.09043
 1 80  1250  59.8172  1.11197
 1 80  1300  59.8037  1.13175
 1 80  1350  59.8221  1.08935
 1 80  1400  59.8215  1.11164
 1 80  1450  59.8187  1.14625
 1 80  1500  59.8213  1.18705
 1 80  150  59.754  0.693385
 1 80  1550  59.8263  1.16945
 1 80  1600  59.8281  1.25862
 1 80  200  59.758  0.687866
 1 80  250  59.7687  0.785442
 1 80  300  59.7676  0.776291
 1 80  350  59.7727  0.784946
 1 80  400  59.7724  0.757021
 1 80  450  59.7657  0.777636
 1 80  500  59.7744  0.87228
 1 80  50  59.7224  0.620243
 1 80  550  59.7788  0.840838
 1 80  600  59.7843  0.844843
 1 80  650  59.7919  0.973158
 1 80  700  59.7888  0.881213
 1 80  750  59.7977  0.929271
 1 80  800  59.801  0.974708
 1 80  850  59.789  0.913889
 1 80  900  59.799  1.00751
 1 80  950  59.7957  1.02188
 1 90  1000  47.9892  0.989543
 1 90  100  47.9941  0.610359
 1 90  1050  48.0005  1.00441
 1 90  1100  47.9902  1.00372
 1 90  1150  47.9974  0.990876
 1 90  1200  47.9952  1.0815
 1 90  1250  48.0086  1.07395
 1 90  1300  47.9953  1.06165
 1 90  1350  47.9914  1.06801
 1 90  1400  47.9979  1.08197
 1 90  1450  48.0033  1.12931
 1 90  1500  47.9978  1.07705
 1 90  150  47.9958  0.671554
 1 90  1550  47.9863  1.15012
 1 90  1600  47.991  1.20003
 1 90  200  48  0.633375
 1 90  250  47.9943  0.685277
 1 90  300  48.0026  0.68406
 1 90  350  47.9983  0.786686
 1 90  400  47.9946  0.727047
 1 90  450  47.9951  0.793097
 1 90  500  47.996  0.845216
 1 90  50  47.9963  0.541614
 1 90  550  47.9924  0.828787
 1 90  600  47.999  0.851868
 1 90  650  47.9932  0.904788
 1 90  700  47.9967  0.88677
 1 90  750  48.0055  0.789344
 1 90  800  47.9958  0.942449
 1 90  850  48  0.9673
 1 90  900  47.9989  0.947897
 1 90  950  47.9951  0.941983
 2 100  1000  35.7425  0.189313
 2 100  100  35.8584  0.549612
 2 100  1050  35.743  0.184762
 2 100  1100  35.7384  0.218163
 2 100  1150  35.739  0.192311
 2 100  1200  35.7378  0.184942
 2 100  1250  35.7369  0.187943
 2 100  1300  35.7351  0.187741
 2 100  1350  35.7349  0.255339
 2 100  1400  35.7313  0.197437
 2 100  1450  35.7309  0.170607
 2 100  1500  35.7298  0.185597
 2 100  150  35.8364  0.442526
 2 100  1550  35.7292  0.191448
 2 100  1600  35.7278  0.208449
 2 100  200  35.8218  0.372677
 2 100  250  35.8071  0.337768
 2 100  300  35.799  0.306792
 2 100  350  35.7888  0.296008
 2 100  400  35.7842  0.280493
 2 100  450  35.7735  0.265224
 2 100  500  35.7725  0.252757
 2 100  50  35.8771  0.74788
 2 100  550  35.7667  0.242846
 2 100  600  35.7639  0.232228
 2 100  650  35.761  0.224481
 2 100  700  35.7589  0.224851
 2 100  750  35.7562  0.199541
 2 100  800  35.7505  0.20295
 2 100  850  35.7483  0.196258
 2 100  900  35.7475  0.21113
 2 100  950  35.7466  0.191131
 2 110  1000  22.7088  0.244097
 2 110  100  22.941  0.616789
 2 110  1050  22.7042  0.264992
 2 110  1100  22.7013  0.233129
 2 110  1150  22.6983  0.232117
 2 110  1200  22.6953  0.234161
 2 110  1250  22.6925  0.240471
 2 110  1300  22.6895  0.248257
 2 110  1350  22.6849  0.248579
 2 110  1400  22.6855  0.23032
 2 110  1450  22.6838  0.210658
 2 110  1500  22.6802  0.209169
 2 110  150  22.906  0.502394
 2 110  1550  22.6784  0.237805
 2 110  1600  22.6761  0.237578
 2 110  200  22.8744  0.440079
 2 110  250  22.8442  0.393791
 2 110  300  22.8236  0.363605
 2 110  350  22.8029  0.338717
 2 110  400  22.7906  0.330958
 2 110  450  22.7772  0.309575
 2 110  500  22.7648  0.301112
 2 110  50  22.9799  0.792353
 2 110  550  22.7573  0.297454
 2 110  600  22.7516  0.276921
 2 110  650  22.7423  0.278584
 2 110  700  22.7369  0.273266
 2 110  750  22.7318  0.253503
 2 110  800  22.7265  0.267896
 2 110  850  22.721  0.248639
 2 110  900  22.7171  0.248782
 2 110  950  22.7123  0.248318
 2 115  1000  15.6064  0.282666
 2 115  100  15.9084  0.671484
 2 115  1050  15.6028  0.272997
 2 115  1100  15.598  0.261107
 2 115  1150  15.5962  0.253854
 2 115  1200  15.5909  0.265627
 2 115  1250  15.5847  0.259505
 2 115  1300  15.5839  0.261234
 2 115  1350  15.5821  0.248155
 2 115  1400  15.5761  0.259226
 2 115  1450  15.5731  0.262486
 2 115  1500  15.5719  0.254501
 2 115  150  15.8604  0.551583
 2 115  1550  15.5667  0.249145
 2 115  1600  15.5679  0.235573
 2 115  200  15.8134  0.492013
 2 115  250  15.7818  0.442939
 2 115  300  15.7576  0.406013
 2 115  350  15.7329  0.383342
 2 115  400  15.7126  0.363198
 2 115  450  15.6984  0.338701
 2 115  500  15.6826  0.328704
 2 115  50  15.9555  0.888094
 2 115  550  15.6714  0.317636
 2 115  600  15.6629  0.318835
 2 115  650  15.6539  0.310554
 2 115  700  15.644  0.294318
 2 115  750  15.6357  0.291874
 2 115  800  15.6318  0.294858
 2 115  850  15.6236  0.285162
 2 115  900  15.6212  0.276996
 2 115  950  15.6118  0.273877
 2 15  1000  301.215  1.60105
 2 15  100  299.57  3.47099
 2 15  1050  301.239  1.5643
 2 15  1100  301.284  1.54422
 2 15  1150  301.342  1.52108
 2 15  1200  301.367  1.51535
 2 15  1250  301.4  1.49729
 2 15  1300  301.421  1.47525
 2 15  1350  301.466  1.45343
 2 15  1400  301.489  1.44933
 2 15  1450  301.518  1.44265
 2 15  1500  301.535  1.42006
 2 15  150  299.937  3.16382
 2 15  1550  301.571  1.41364
 2 15  1600  301.59  1.39862
 2 15  200  300.05  2.88974
 2 15  250  300.229  2.72505
 2 15  300  300.314  2.53653
 2 15  350  300.452  2.39148
 2 15  400  300.525  2.24812
 2 15  450  300.609  2.13696
 2 15  500  300.663  2.03757
 2 15  50  299.304  3.86869
 2 15  550  300.734  1.9712
 2 15  600  300.786  1.90195
 2 15  650  300.867  1.85158
 2 15  700  300.924  1.778
 2 15  750  300.982  1.73227
 2 15  800  301.029  1.70156
 2 15  850  301.084  1.67977
 2 15  900  301.127  1.64476
 2 15  950  301.176  1.61893
 2 20  1000  235.663  1.2323
 2 20  100  234.474  2.64168
 2 20  1050  235.694  1.22424
 2 20  1100  235.721  1.20958
 2 20  1150  235.749  1.19209
 2 20  1200  235.779  1.17773
 2 20  1250  235.803  1.17864
 2 20  1300  235.844  1.16985
 2 20  1350  235.851  1.14276
 2 20  1400  235.885  1.15153
 2 20  1450  235.902  1.13889
 2 20  1500  235.929  1.13073
 2 20  150  234.645  2.42425
 2 20  1550  235.952  1.12065
 2 20  1600  235.969  1.10978
 2 20  200  234.761  2.17837
 2 20  250  234.867  2.02038
 2 20  300  234.904  1.86482
 2 20  350  235.006  1.76276
 2 20  400  235.075  1.66307
 2 20  450  235.149  1.58488
 2 20  500  235.206  1.52291
 2 20  50  234.36  3.04191
 2 20  550  235.264  1.47512
 2 20  600  235.317  1.43124
 2 20  650  235.374  1.40544
 2 20  700  235.415  1.36521
 2 20  750  235.473  1.34703
 2 20  800  235.505  1.31232
 2 20  850  235.562  1.28941
 2 20  900  235.586  1.27215
 2 20  950  235.617  1.24776
 2 30  1000  167.299  0.844547
 2 30  100  166.407  1.7782
 2 30  1050  167.32  0.830622
 2 30  1100  167.342  0.817579
 2 30  1150  167.358  0.817367
 2 30  1200  167.38  0.806683
 2 30  1250  167.397  0.795762
 2 30  1300  167.406  0.788764
 2 30  1350  167.428  0.785509
 2 30  1400  167.446  0.778187
 2 30  1450  167.46  0.777511
 2 30  1500  167.475  0.772422
 2 30  150  166.491  1.55164
 2 30  1550  167.489  0.779999
 2 30  1600  167.503  0.768771
 2 30  200  166.568  1.38146
 2 30  250  166.648  1.28006
 2 30  300  166.728  1.24059
 2 30  350  166.794  1.12388
 2 30  400  166.862  1.0762
 2 30  450  166.91  1.03798
 2 30  500  166.966  0.993802
 2 30  50  166.303  2.00568
 2 30  550  167.014  0.967535
 2 30  600  167.052  0.952411
 2 30  650  167.092  0.927864
 2 30  700  167.132  0.910038
 2 30  750  167.166  0.904393
 2 30  800  167.19  0.879348
 2 30  850  167.224  0.860248
 2 30  900  167.247  0.848625
 2 30  950  167.276  0.85387
 2 40  1000  130.445  0.585049
 2 40  100  129.76  1.29501
 2 40  1050  130.464  0.578235
 2 40  1100  130.48  0.581566
 2 40  1150  130.49  0.579151
 2 40  1200  130.506  0.579553
 2 40  1250  130.516  0.588581
 2 40  1300  130.52  0.556135
 2 40  1350  130.535  0.568708
 2 40  1400  130.541  0.548049
 2 40  1450  130.557  0.569558
 2 40  1500  130.566  0.566143
 2 40  150  129.839  1.09402
 2 40  1550  130.575  0.549553
 2 40  1600  130.58  0.568735
 2 40  200  129.898  0.973381
 2 40  250  129.966  0.889224
 2 40  300  130.039  0.838127
 2 40  350  130.083  0.795617
 2 40  400  130.142  0.762497
 2 40  450  130.175  0.729681
 2 40  500  130.217  0.701693
 2 40  50  129.668  1.45965
 2 40  550  130.259  0.700769
 2 40  600  130.285  0.666481
 2 40  650  130.32  0.6627
 2 40  700  130.334  0.637429
 2 40  750  130.357  0.635234
 2 40  800  130.377  0.61953
 2 40  850  130.4  0.612757
 2 40  900  130.418  0.599822
 2 40  950  130.436  0.610224
 2 50  1000  106.192  0.448055
 2 50  100  105.673  0.970386
 2 50  1050  106.2  0.429913
 2 50  1100  106.208  0.423746
 2 50  1150  106.217  0.424714
 2 50  1200  106.229  0.421981
 2 50  1250  106.232  0.41852
 2 50  1300  106.239  0.438552
 2 50  1350  106.247  0.413254
 2 50  1400  106.25  0.401494
 2 50  1450  106.261  0.427809
 2 50  1500  106.265  0.432004
 2 50  150  105.732  0.81157
 2 50  1550  106.269  0.406201
 2 50  1600  106.281  0.435787
 2 50  200  105.797  0.714767
 2 50  250  105.853  0.652945
 2 50  300  105.901  0.609787
 2 50  350  105.941  0.579606
 2 50  400  105.98  0.554481
 2 50  450  106.012  0.542164
 2 50  500  106.037  0.515793
 2 50  50  105.608  1.18088
 2 50  550  106.061  0.498558
 2 50  600  106.08  0.496989
 2 50  650  106.1  0.485292
 2 50  700  106.116  0.472369
 2 50  750  106.128  0.466852
 2 50  800  106.143  0.46415
 2 50  850  106.157  0.467104
 2 50  900  106.168  0.445125
 2 50  950  106.178  0.435586
 2 60  1000  88.0849  0.318429
 2 60  100  87.7147  0.740466
 2 60  1050  88.0937  0.324018
 2 60  1100  88.0978  0.337241
 2 60  1150  88.1064  0.361424
 2 60  1200  88.1102  0.317439
 2 60  1250  88.1143  0.309
 2 60  1300  88.1216  0.31572
 2 60  1350  88.1234  0.316662
 2 60  1400  88.1295  0.302168
 2 60  1450  88.1328  0.310348
 2 60  1500  88.1367  0.302191
 2 60  150  87.7757  0.626213
 2 60  1550  88.1416  0.316437
 2 60  1600  88.1447  0.323455
 2 60  200  87.8263  0.546454
 2 60  250  87.862  0.50906
 2 60  300  87.8971  0.463721
 2 60  350  87.9234  0.436477
 2 60  400  87.9521  0.416601
 2 60  450  87.9684  0.395738
 2 60  500  87.9892  0.39597
 2 60  50  87.6747  0.939868
 2 60  550  88.0014  0.377104
 2 60  600  88.015  0.369358
 2 60  650  88.0292  0.350537
 2 60  700  88.0382  0.344601
 2 60  750  88.0475  0.357231
 2 60  800  88.0589  0.341041
 2 60  850  88.0635  0.338825
 2 60  900  88.0717  0.333007
 2 60  950  88.0824  0.323184
 2 70  1000  73.2873  0.246636
 2 70  100  73.0563  0.623385
 2 70  1050  73.2918  0.245618
 2 70  1100  73.2963  0.257458
 2 70  1150  73.2973  0.235326
 2 70  1200  73.3011  0.233943
 2 70  1250  73.3041  0.254297
 2 70  1300  73.3059  0.233299
 2 70  1350  73.3103  0.249193
 2 70  1400  73.3131  0.237834
 2 70  1450  73.3138  0.24434
 2 70  1500  73.3159  0.217897
 2 70  150  73.0907  0.504751
 2 70  1550  73.3184  0.256883
 2 70  1600  73.3228  0.248083
 2 70  200  73.124  0.445099
 2 70  250  73.1506  0.395782
 2 70  300  73.171  0.387865
 2 70  350  73.191  0.350453
 2 70  400  73.2051  0.331275
 2 70  450  73.2179  0.312422
 2 70  500  73.2295  0.299296
 2 70  50  73.0202  0.793205
 2 70  550  73.2382  0.294564
 2 70  600  73.246  0.284759
 2 70  650  73.2495  0.266912
 2 70  700  73.258  0.268411
 2 70  750  73.2646  0.260241
 2 70  800  73.2718  0.274597
 2 70  850  73.2742  0.261843
 2 70  900  73.2768  0.25365
 2 70  950  73.2811  0.242914
 2 80  1000  60.2539  0.186943
 2 80  100  60.1378  0.550983
 2 80  1050  60.2549  0.209189
 2 80  1100  60.2562  0.186128
 2 80  1150  60.2584  0.184075
 2 80  1200  60.2601  0.235883
 2 80  1250  60.2626  0.196572
 2 80  1300  60.2644  0.184948
 2 80  1350  60.2644  0.2103
 2 80  1400  60.2657  0.185863
 2 80  1450  60.2657  0.180679
 2 80  1500  60.2681  0.189421
 2 80  150  60.1636  0.442449
 2 80  1550  60.2697  0.21558
 2 80  1600  60.2696  0.197424
 2 80  200  60.1763  0.384731
 2 80  250  60.1875  0.337358
 2 80  300  60.1988  0.304424
 2 80  350  60.2084  0.290304
 2 80  400  60.2147  0.267675
 2 80  450  60.2207  0.254185
 2 80  500  60.2271  0.248425
 2 80  50  60.1269  0.731046
 2 80  550  60.2307  0.245155
 2 80  600  60.2355  0.229582
 2 80  650  60.2382  0.232639
 2 80  700  60.2411  0.218353
 2 80  750  60.2414  0.203444
 2 80  800  60.2445  0.209736
 2 80  850  60.2469  0.206052
 2 80  900  60.2492  0.206096
 2 80  950  60.2519  0.191024
 2 90  1000  47.996  0.20219
 2 90  100  47.9941  0.5175
 2 90  1050  47.9974  0.196866
 2 90  1100  47.9959  0.176142
 2 90  1150  47.9969  0.174416
 2 90  1200  47.9961  0.204643
 2 90  1250  47.9971  0.205137
 2 90  1300  47.9973  0.180379
 2 90  1350  47.9963  0.180532
 2 90  1400  47.9954  0.168572
 2 90  1450  47.9966  0.177967
 2 90  1500  47.9963  0.164277
 2 90  150  47.9974  0.408278
 2 90  1550  47.9957  0.187102
 2 90  1600  47.9969  0.176224
 2 90  200  47.9952  0.361011
 2 90  250  47.994  0.308216
 2 90  300  47.9939  0.282357
 2 90  350  47.9957  0.281562
 2 90  400  47.9948  0.255062
 2 90  450  47.9971  0.239072
 2 90  500  47.9948  0.228324
 2 90  50  47.9999  0.682737
 2 90  550  47.9952  0.227123
 2 90  600  47.9965  0.209945
 2 90  650  47.9975  0.212461
 2 90  700  47.9953  0.20342
 2 90  750  47.9969  0.207566
 2 90  800  47.9957  0.195128
 2 90  850  47.9951  0.204877
 2 90  900  47.9961  0.177329
 2 90  950  47.9952  0.187468
 3 100  1000  35.0073  0.31536
 3 100  100  35.0549  1.14084
 3 100  1050  35.005  0.305247
 3 100  1100  35.0011  0.297174
 3 100  1150  34.997  0.287962
 3 100  1200  34.9977  0.285677
 3 100  1250  34.9979  0.276321
 3 100  1300  34.9952  0.269261
 3 100  1350  34.9922  0.25952
 3 100  1400  34.9897  0.253593
 3 100  1450  34.9886  0.24954
 3 100  1500  34.9888  0.244898
 3 100  150  35.0692  0.988891
 3 100  1550  34.9856  0.237352
 3 100  1600  34.9847  0.237246
 3 100  200  35.0537  0.901502
 3 100  250  35.056  0.791258
 3 100  300  35.0486  0.709495
 3 100  350  35.0536  0.64718
 3 100  400  35.0464  0.589993
 3 100  450  35.0411  0.54472
 3 100  500  35.0399  0.511832
 3 100  50  35.1229  1.15424
 3 100  550  35.0369  0.480706
 3 100  600  35.0281  0.450831
 3 100  650  35.0273  0.425335
 3 100  700  35.0246  0.401759
 3 100  750  35.0204  0.383284
 3 100  800  35.0187  0.367416
 3 100  850  35.0159  0.351446
 3 100  900  35.0114  0.33971
 3 100  950  35.0103  0.330152
 3 110  1000  21.2071  0.386512
 3 110  100  21.3179  1.22136
 3 110  1050  21.2027  0.375635
 3 110  1100  21.1965  0.364991
 3 110  1150  21.1891  0.357656
 3 110  1200  21.1878  0.348507
 3 110  1250  21.1825  0.341783
 3 110  1300  21.1777  0.333538
 3 110  1350  21.1777  0.323625
 3 110  1400  21.1726  0.332562
 3 110  1450  21.1696  0.313222
 3 110  1500  21.1641  0.308482
 3 110  150  21.2961  1.10539
 3 110  1550  21.1637  0.302638
 3 110  1600  21.1601  0.298593
 3 110  200  21.2914  0.995867
 3 110  250  21.2878  0.890543
 3 110  300  21.291  0.81377
 3 110  350  21.2782  0.748399
 3 110  400  21.2736  0.684895
 3 110  450  21.2764  0.634343
 3 110  500  21.2674  0.594309
 3 110  50  21.3459  1.17819
 3 110  550  21.2577  0.555617
 3 110  600  21.2535  0.533534
 3 110  650  21.2481  0.498458
 3 110  700  21.2426  0.480923
 3 110  750  21.2314  0.461102
 3 110  800  21.2316  0.440358
 3 110  850  21.2195  0.424165
 3 110  900  21.2179  0.408193
 3 110  950  21.209  0.399175
 3 115  1000  13.6996  0.433224
 3 115  100  13.8461  1.32354
 3 115  1050  13.6973  0.425532
 3 115  1100  13.6932  0.41632
 3 115  1150  13.6854  0.404693
 3 115  1200  13.6817  0.390805
 3 115  1250  13.6723  0.386197
 3 115  1300  13.6688  0.379958
 3 115  1350  13.6636  0.37131
 3 115  1400  13.6613  0.366768
 3 115  1450  13.6563  0.359049
 3 115  1500  13.6493  0.35451
 3 115  150  13.8181  1.14096
 3 115  1550  13.647  0.347437
 3 115  1600  13.6428  0.338968
 3 115  200  13.8111  1.03773
 3 115  250  13.799  0.968939
 3 115  300  13.8014  0.884402
 3 115  350  13.7944  0.818209
 3 115  400  13.7916  0.749568
 3 115  450  13.7867  0.695799
 3 115  500  13.7731  0.657043
 3 115  50  13.965  1.37093
 3 115  550  13.7717  0.617246
 3 115  600  13.7575  0.588269
 3 115  650  13.7546  0.558504
 3 115  700  13.7485  0.531224
 3 115  750  13.7331  0.516356
 3 115  800  13.7301  0.493982
 3 115  850  13.7222  0.482936
 3 115  900  13.7209  0.464876
 3 115  950  13.7096  0.446494
 3 15  1000  308.203  4.72549
 3 15  100  304.74  6.64812
 3 15  1050  308.285  4.72205
 3 15  1100  308.332  4.67185
 3 15  1150  308.418  4.57901
 3 15  1200  308.443  4.58685
 3 15  1250  308.505  4.46843
 3 15  1300  308.565  4.45188
 3 15  1350  308.615  4.4282
 3 15  1400  308.646  4.35806
 3 15  1450  308.637  4.36399
 3 15  1500  308.678  4.27209
 3 15  150  305.508  5.82237
 3 15  1550  308.662  4.23824
 3 15  1600  308.727  4.1894
 3 15  200  305.877  5.68585
 3 15  250  306.622  5.95696
 3 15  300  306.64  5.61069
 3 15  350  307.189  5.64102
 3 15  400  307.309  5.66674
 3 15  450  307.346  5.34406
 3 15  500  307.583  5.42217
 3 15  50  302.077  7.33128
 3 15  550  307.544  5.35029
 3 15  600  307.58  5.20583
 3 15  650  307.896  5.07759
 3 15  700  307.848  5.04085
 3 15  750  308.008  4.989
 3 15  800  307.95  5.00459
 3 15  850  308.103  4.95429
 3 15  900  308.149  4.93855
 3 15  950  308.198  4.75649
 3 20  1000  243.05  3.22684
 3 20  100  241.475  5.64923
 3 20  1050  243.107  3.19296
 3 20  1100  243.115  3.14611
 3 20  1150  243.145  3.06507
 3 20  1200  243.189  3.06355
 3 20  1250  243.204  2.97789
 3 20  1300  243.299  2.95219
 3 20  1350  243.253  2.88075
 3 20  1400  243.311  2.8657
 3 20  1450  243.322  2.82333
 3 20  1500  243.337  2.76022
 3 20  150  241.651  5.22754
 3 20  1550  243.346  2.72537
 3 20  1600  243.376  2.70428
 3 20  200  242.087  4.7593
 3 20  250  242.112  4.75809
 3 20  300  242.221  4.62981
 3 20  350  242.536  4.35587
 3 20  400  242.435  4.23679
 3 20  450  242.566  4.07121
 3 20  500  242.62  4.04925
 3 20  50  239.588  6.20278
 3 20  550  242.714  3.96091
 3 20  600  242.723  3.85722
 3 20  650  242.821  3.8461
 3 20  700  242.871  3.70656
 3 20  750  242.954  3.57802
 3 20  800  242.96  3.55982
 3 20  850  243.001  3.47222
 3 20  900  243.007  3.42303
 3 20  950  243.033  3.30124
 3 30  1000  173.189  1.60983
 3 30  100  172.617  3.22371
 3 30  1050  173.196  1.57154
 3 30  1100  173.221  1.52997
 3 30  1150  173.235  1.49828
 3 30  1200  173.237  1.45903
 3 30  1250  173.269  1.44211
 3 30  1300  173.281  1.41834
 3 30  1350  173.286  1.38594
 3 30  1400  173.301  1.36039
 3 30  1450  173.305  1.34272
 3 30  1500  173.33  1.31522
 3 30  150  172.759  3.12742
 3 30  1550  173.33  1.28979
 3 30  1600  173.348  1.27096
 3 30  200  172.837  2.89597
 3 30  250  172.902  2.7031
 3 30  300  172.998  2.60981
 3 30  350  173.006  2.49192
 3 30  400  173.04  2.40548
 3 30  450  173.067  2.30105
 3 30  500  173.035  2.20483
 3 30  50  172.651  3.92202
 3 30  550  173.075  2.12777
 3 30  600  173.093  2.05361
 3 30  650  173.125  2.00884
 3 30  700  173.13  1.90608
 3 30  750  173.124  1.84965
 3 30  800  173.133  1.78357
 3 30  850  173.153  1.72774
 3 30  900  173.15  1.68474
 3 30  950  173.168  1.65003
 3 40  1000  134.861  0.98877
 3 40  100  134.651  2.22437
 3 40  1050  134.873  0.963416
 3 40  1100  134.889  0.941301
 3 40  1150  134.902  0.929555
 3 40  1200  134.911  0.900382
 3 40  1250  134.923  0.893208
 3 40  1300  134.935  0.876266
 3 40  1350  134.946  0.855012
 3 40  1400  134.956  0.845869
 3 40  1450  134.964  0.83083
 3 40  1500  134.979  0.823018
 3 40  150  134.718  2.14697
 3 40  1550  134.985  0.804752
 3 40  1600  134.999  0.794955
 3 40  200  134.714  1.95749
 3 40  250  134.722  1.87418
 3 40  300  134.74  1.72269
 3 40  350  134.73  1.64934
 3 40  400  134.751  1.56909
 3 40  450  134.741  1.48937
 3 40  500  134.762  1.40841
 3 40  50  134.634  2.21615
 3 40  550  134.772  1.33387
 3 40  600  134.781  1.29463
 3 40  650  134.775  1.22606
 3 40  700  134.795  1.18964
 3 40  750  134.806  1.15016
 3 40  800  134.815  1.11045
 3 40  850  134.83  1.082
 3 40  900  134.835  1.04354
 3 40  950  134.848  1.01912
 3 50  1000  109.459  0.68795
 3 50  100  109.274  1.68876
 3 50  1050  109.474  0.67411
 3 50  1100  109.476  0.653466
 3 50  1150  109.488  0.644834
 3 50  1200  109.502  0.627313
 3 50  1250  109.51  0.615586
 3 50  1300  109.519  0.609748
 3 50  1350  109.526  0.592534
 3 50  1400  109.534  0.587265
 3 50  1450  109.545  0.57949
 3 50  1500  109.548  0.566096
 3 50  150  109.314  1.60228
 3 50  1550  109.559  0.560154
 3 50  1600  109.565  0.552298
 3 50  200  109.32  1.49063
 3 50  250  109.343  1.37686
 3 50  300  109.35  1.27723
 3 50  350  109.326  1.19096
 3 50  400  109.351  1.12057
 3 50  450  109.347  1.04503
 3 50  500  109.356  0.998645
 3 50  50  109.332  1.60274
 3 50  550  109.362  0.93891
 3 50  600  109.379  0.909413
 3 50  650  109.387  0.8643
 3 50  700  109.388  0.822692
 3 50  750  109.407  0.802062
 3 50  800  109.415  0.775979
 3 50  850  109.426  0.748917
 3 50  900  109.436  0.721989
 3 50  950  109.45  0.707294
 3 60  1000  90.4144  0.503576
 3 60  100  90.2748  1.41725
 3 60  1050  90.4225  0.495297
 3 60  1100  90.429  0.483368
 3 60  1150  90.4407  0.470678
 3 60  1200  90.4478  0.459939
 3 60  1250  90.449  0.449218
 3 60  1300  90.4578  0.440896
 3 60  1350  90.4629  0.436225
 3 60  1400  90.4667  0.422826
 3 60  1450  90.472  0.423421
 3 60  1500  90.4808  0.410761
 3 60  150  90.3007  1.28574
 3 60  1550  90.4872  0.405643
 3 60  1600  90.4899  0.401317
 3 60  200  90.2993  1.17184
 3 60  250  90.3096  1.09215
 3 60  300  90.3059  0.994504
 3 60  350  90.3042  0.914656
 3 60  400  90.3166  0.855316
 3 60  450  90.3146  0.799313
 3 60  500  90.3261  0.758239
 3 60  50  90.2677  1.40718
 3 60  550  90.3386  0.713303
 3 60  600  90.3459  0.66877
 3 60  650  90.3514  0.647348
 3 60  700  90.3604  0.614228
 3 60  750  90.3748  0.591637
 3 60  800  90.3785  0.568031
 3 60  850  90.3925  0.556361
 3 60  900  90.3939  0.536685
 3 60  950  90.4096  0.5195
 3 70  1000  74.7858  0.383579
 3 70  100  74.7083  1.21838
 3 70  1050  74.7909  0.374971
 3 70  1100  74.7963  0.365911
 3 70  1150  74.7998  0.359288
 3 70  1200  74.8069  0.34895
 3 70  1250  74.8099  0.341377
 3 70  1300  74.8124  0.333794
 3 70  1350  74.8157  0.324448
 3 70  1400  74.8191  0.321254
 3 70  1450  74.8233  0.315659
 3 70  1500  74.8276  0.310432
 3 70  150  74.7046  1.10616
 3 70  1550  74.8295  0.304272
 3 70  1600  74.8336  0.30011
 3 70  200  74.6984  0.988826
 3 70  250  74.7085  0.891214
 3 70  300  74.7031  0.815175
 3 70  350  74.7064  0.769634
 3 70  400  74.7165  0.682961
 3 70  450  74.711  0.634258
 3 70  500  74.7295  0.590616
 3 70  50  74.6606  1.24636
 3 70  550  74.7314  0.562182
 3 70  600  74.7403  0.525823
 3 70  650  74.7436  0.507446
 3 70  700  74.7512  0.483331
 3 70  750  74.7577  0.460227
 3 70  800  74.765  0.443314
 3 70  850  74.7694  0.424994
 3 70  900  74.7712  0.410381
 3 70  950  74.778  0.398135
 3 80  1000  60.986  0.316775
 3 80  100  60.9355  1.1232
 3 80  1050  60.9901  0.307366
 3 80  1100  60.9929  0.297706
 3 80  1150  60.996  0.289266
 3 80  1200  60.9968  0.280669
 3 80  1250  61.0021  0.271938
 3 80  1300  61.0025  0.268246
 3 80  1350  61.0064  0.259675
 3 80  1400  61.0048  0.254491
 3 80  1450  61.0081  0.25126
 3 80  1500  61.0074  0.244362
 3 80  150  60.9475  0.999667
 3 80  1550  61.013  0.240272
 3 80  1600  61.0114  0.23342
 3 80  200  60.9466  0.885163
 3 80  250  60.9438  0.811182
 3 80  300  60.9521  0.723928
 3 80  350  60.9498  0.641544
 3 80  400  60.9512  0.597603
 3 80  450  60.9487  0.547763
 3 80  500  60.9588  0.513462
 3 80  50  60.9297  1.14114
 3 80  550  60.9588  0.477765
 3 80  600  60.9637  0.450752
 3 80  650  60.966  0.425665
 3 80  700  60.9719  0.404834
 3 80  750  60.9742  0.385947
 3 80  800  60.9774  0.365765
 3 80  850  60.9764  0.350743
 3 80  900  60.983  0.344466
 3 80  950  60.986  0.328185
 3 90  1000  47.9972  0.291343
 3 90  100  48.0078  1.09182
 3 90  1050  47.9953  0.282725
 3 90  1100  47.997  0.273757
 3 90  1150  47.9949  0.264709
 3 90  1200  47.9944  0.255463
 3 90  1250  47.9945  0.25196
 3 90  1300  47.9957  0.245516
 3 90  1350  47.9972  0.235877
 3 90  1400  47.9943  0.232665
 3 90  1450  47.9961  0.226187
 3 90  1500  47.9942  0.222105
 3 90  150  47.9906  0.970472
 3 90  1550  47.9954  0.215515
 3 90  1600  47.9951  0.21512
 3 90  200  47.9853  0.862411
 3 90  250  47.9939  0.750922
 3 90  300  47.9921  0.692484
 3 90  350  47.9925  0.620652
 3 90  400  47.9929  0.563928
 3 90  450  47.9913  0.516937
 3 90  500  47.9975  0.473854
 3 90  50  47.9943  1.14427
 3 90  550  47.9935  0.450324
 3 90  600  47.9932  0.421536
 3 90  650  47.9937  0.400469
 3 90  700  47.9947  0.378519
 3 90  750  47.9924  0.359993
 3 90  800  47.9914  0.345744
 3 90  850  47.9937  0.326873
 3 90  900  47.9942  0.316029
 3 90  950  47.9922  0.304427
 4 100  1000  33.9219  0.939362
 4 100  100  33.9777  2.6587
 4 100  1050  33.931  0.919097
 4 100  1100  33.9249  0.880216
 4 100  1150  33.9231  0.853337
 4 100  1200  33.9195  0.833232
 4 100  1250  33.9189  0.797149
 4 100  1300  33.9138  0.773944
 4 100  1350  33.9172  0.749809
 4 100  1400  33.913  0.717902
 4 100  1450  33.9112  0.718364
 4 100  1500  33.9121  0.687292
 4 100  150  33.9715  2.43446
 4 100  1550  33.9066  0.668842
 4 100  1600  33.9138  0.713449
 4 100  200  33.9229  2.27305
 4 100  250  33.9009  2.08818
 4 100  300  33.9291  1.99355
 4 100  350  33.9293  1.886
 4 100  400  33.9414  1.76293
 4 100  450  33.9202  1.66865
 4 100  500  33.9281  1.57818
 4 100  50  34.1317  2.72867
 4 100  550  33.9251  1.46959
 4 100  600  33.9274  1.40111
 4 100  650  33.9365  1.33072
 4 100  700  33.9284  1.25928
 4 100  750  33.933  1.20073
 4 100  800  33.9374  1.13516
 4 100  850  33.9252  1.11038
 4 100  900  33.9257  1.03453
 4 100  950  33.9375  1.00036
 4 110  1000  19.0085  1.11008
 4 110  100  19.0566  2.93124
 4 110  1050  19.0127  1.0761
 4 110  1100  19.0088  1.04188
 4 110  1150  18.9966  1.02118
 4 110  1200  19.0011  1.05345
 4 110  1250  18.9941  0.943424
 4 110  1300  18.9884  0.954277
 4 110  1350  18.984  0.913147
 4 110  1400  18.9789  0.873607
 4 110  1450  18.981  0.843235
 4 110  1500  18.9764  0.827669
 4 110  150  19.0216  2.64261
 4 110  1550  18.9705  0.813396
 4 110  1600  18.9681  0.782539
 4 110  200  19.0645  2.53696
 4 110  250  19.0058  2.33817
 4 110  300  19.0545  2.20122
 4 110  350  19.0323  2.05433
 4 110  400  19.0129  1.96712
 4 110  450  19.0217  1.84113
 4 110  500  19.0136  1.76918
 4 110  50  18.8453  3.345
 4 110  550  19.0332  1.66117
 4 110  600  19.0199  1.56687
 4 110  650  19.0457  1.52607
 4 110  700  19.0362  1.44655
 4 110  750  19.024  1.35567
 4 110  800  19.029  1.31516
 4 110  850  19.0058  1.25751
 4 110  900  19.0247  1.24207
 4 110  950  19.0032  1.15567
 4 115  1000  10.9741  1.20268
 4 115  100  11.2305  2.94536
 4 115  1050  10.9635  1.21202
 4 115  1100  10.9671  1.14172
 4 115  1150  10.9543  1.10806
 4 115  1200  10.9502  1.32172
 4 115  1250  10.9433  1.03655
 4 115  1300  10.9419  1.02158
 4 115  1350  10.9335  1.00301
 4 115  1400  10.9344  0.960032
 4 115  1450  10.9194  0.933987
 4 115  1500  10.9162  0.919632
 4 115  150  11.1355  2.72369
 4 115  1550  10.9095  0.972568
 4 115  1600  10.9161  0.968308
 4 115  200  11.0114  2.62557
 4 115  250  11.0278  2.41479
 4 115  300  11.0388  2.32997
 4 115  350  11.023  2.12978
 4 115  400  11.0212  2.02571
 4 115  450  11.0311  2.08113
 4 115  500  11.0033  1.84848
 4 115  50  11.1852  2.91849
 4 115  550  11.0135  1.76136
 4 115  600  10.9894  1.67569
 4 115  650  10.9843  1.59629
 4 115  700  10.992  1.50219
 4 115  750  10.9884  1.46774
 4 115  800  10.981  1.40291
 4 115  850  10.9782  1.40275
 4 115  900  10.9885  1.31941
 4 115  950  10.9716  1.24604
 4 15  1000  309.903  9.03599
 4 15  100  305.521  10.232
 4 15  1050  309.863  9.04416
 4 15  1100  310.078  9.01825
 4 15  1150  310.094  8.80911
 4 15  1200  310.299  9.20284
 4 15  1250  310.203  8.82893
 4 15  1300  310.27  9.04158
 4 15  1350  310.354  9.0058
 4 15  1400  310.511  8.7124
 4 15  1450  310.4  8.72266
 4 15  1500  310.615  8.91985
 4 15  150  307.636  11.2844
 4 15  1550  310.553  8.48852
 4 15  1600  310.684  8.62063
 4 15  200  305.437  9.31084
 4 15  250  308.46  10.6333
 4 15  300  308.249  10.0434
 4 15  350  308.217  9.90029
 4 15  400  308.843  9.53589
 4 15  450  309.167  9.88039
 4 15  500  308.589  9.06524
 4 15  50  303.72  10.5454
 4 15  550  307.67  9.2484
 4 15  600  309.461  9.22925
 4 15  650  309.904  9.22531
 4 15  700  309.027  8.82494
 4 15  750  308.853  9.26097
 4 15  800  309.717  9.37223
 4 15  850  309.509  9.11022
 4 15  900  309.952  8.90455
 4 15  950  310.071  9.06063
 4 20  1000  246.889  8.44457
 4 20  100  242.539  9.32874
 4 20  1050  246.864  8.10702
 4 20  1100  246.983  8.09833
 4 20  1150  246.992  8.00032
 4 20  1200  246.995  8.17513
 4 20  1250  246.985  7.98211
 4 20  1300  247.359  7.89491
 4 20  1350  247.276  7.86571
 4 20  1400  247.324  7.99124
 4 20  1450  247.324  7.77784
 4 20  1500  247.441  7.8662
 4 20  150  244.811  10.1181
 4 20  1550  247.408  7.73082
 4 20  1600  247.51  7.85853
 4 20  200  243.553  9.11585
 4 20  250  244.988  9.24406
 4 20  300  244.76  9.00882
 4 20  350  244.186  8.81166
 4 20  400  245.046  8.94711
 4 20  450  245.762  8.81796
 4 20  500  245.875  8.85701
 4 20  50  240.847  12.1843
 4 20  550  245.868  8.68722
 4 20  600  246.168  8.82191
 4 20  650  246.632  8.72572
 4 20  700  246.266  8.53038
 4 20  750  246.583  8.42625
 4 20  800  246.564  8.44328
 4 20  850  246.96  8.3678
 4 20  900  246.667  8.10566
 4 20  950  246.845  8.24788
 4 30  1000  179.652  5.43076
 4 30  100  176.023  8.1601
 4 30  1050  179.738  5.32014
 4 30  1100  179.748  5.30627
 4 30  1150  179.709  5.30123
 4 30  1200  179.856  5.13603
 4 30  1250  179.87  5.15533
 4 30  1300  179.912  5.02759
 4 30  1350  179.899  4.99716
 4 30  1400  179.908  4.92955
 4 30  1450  179.986  4.91696
 4 30  1500  180.02  4.78573
 4 30  150  177.799  7.02237
 4 30  1550  179.965  4.78513
 4 30  1600  179.979  4.69422
 4 30  200  178.173  6.93493
 4 30  250  178.304  6.70547
 4 30  300  178.542  6.71011
 4 30  350  178.832  6.56091
 4 30  400  179.015  6.33497
 4 30  450  179.067  6.43516
 4 30  500  179.131  6.34188
 4 30  50  174.834  9.49331
 4 30  550  179.228  6.21717
 4 30  600  179.403  6.03251
 4 30  650  179.286  5.92427
 4 30  700  179.505  5.85336
 4 30  750  179.5  5.76499
 4 30  800  179.556  5.73495
 4 30  850  179.545  5.62792
 4 30  900  179.509  5.6362
 4 30  950  179.577  5.49222
 4 40  1000  140.884  3.23756
 4 40  100  139.789  5.56248
 4 40  1050  140.908  3.14165
 4 40  1100  140.924  3.10101
 4 40  1150  140.906  3.05727
 4 40  1200  140.931  2.92101
 4 40  1250  140.959  2.88302
 4 40  1300  140.925  2.83555
 4 40  1350  140.966  2.77706
 4 40  1400  140.974  2.74282
 4 40  1450  141.003  2.64496
 4 40  1500  140.993  2.67074
 4 40  150  140.009  5.13574
 4 40  1550  140.985  2.55514
 4 40  1600  141.012  2.51912
 4 40  200  140.234  5.03687
 4 40  250  140.364  4.75515
 4 40  300  140.526  4.65486
 4 40  350  140.564  4.53936
 4 40  400  140.54  4.3736
 4 40  450  140.632  4.28391
 4 40  500  140.68  4.10006
 4 40  50  138.959  6.56639
 4 40  550  140.724  4.09605
 4 40  600  140.74  3.94553
 4 40  650  140.772  3.79624
 4 40  700  140.815  3.66723
 4 40  750  140.827  3.6092
 4 40  800  140.802  3.55716
 4 40  850  140.851  3.43481
 4 40  900  140.868  3.385
 4 40  950  140.855  3.33262
 4 50  1000  114.165  2.0824
 4 50  100  113.666  4.26236
 4 50  1050  114.178  2.02849
 4 50  1100  114.172  1.97343
 4 50  1150  114.186  1.91045
 4 50  1200  114.187  1.8438
 4 50  1250  114.191  1.81267
 4 50  1300  114.209  1.75667
 4 50  1350  114.189  1.70437
 4 50  1400  114.217  1.68207
 4 50  1450  114.22  1.64928
 4 50  1500  114.213  1.59427
 4 50  150  113.963  3.8997
 4 50  1550  114.217  1.57032
 4 50  1600  114.232  1.52353
 4 50  200  113.98  3.78571
 4 50  250  114.092  3.51886
 4 50  300  114.048  3.41359
 4 50  350  114.065  3.29315
 4 50  400  114.118  3.0634
 4 50  450  114.127  2.99875
 4 50  500  114.125  2.8635
 4 50  50  113.72  4.50441
 4 50  550  114.118  2.79526
 4 50  600  114.118  2.79247
 4 50  650  114.143  2.61349
 4 50  700  114.156  2.51572
 4 50  750  114.154  2.41409
 4 50  800  114.157  2.38053
 4 50  850  114.166  2.26673
 4 50  900  114.171  2.19914
 4 50  950  114.18  2.14957
 4 60  1000  93.8035  1.47331
 4 60  100  93.6101  3.44915
 4 60  1050  93.8319  1.41928
 4 60  1100  93.8079  1.37147
 4 60  1150  93.8348  1.32223
 4 60  1200  93.8287  1.28923
 4 60  1250  93.8283  1.24474
 4 60  1300  93.846  1.21238
 4 60  1350  93.834  1.18437
 4 60  1400  93.8464  1.15614
 4 60  1450  93.8587  1.13008
 4 60  1500  93.8625  1.10194
 4 60  150  93.7387  3.0672
 4 60  1550  93.8688  1.07824
 4 60  1600  93.8729  1.04513
 4 60  200  93.7821  2.94811
 4 60  250  93.7779  2.79472
 4 60  300  93.7578  2.58589
 4 60  350  93.7944  2.5988
 4 60  400  93.8288  2.42065
 4 60  450  93.7853  2.29955
 4 60  500  93.8024  2.19182
 4 60  50  93.6246  3.95702
 4 60  550  93.8187  2.07398
 4 60  600  93.7982  1.99934
 4 60  650  93.8072  1.94104
 4 60  700  93.8022  1.95142
 4 60  750  93.801  1.7355
 4 60  800  93.8027  1.71339
 4 60  850  93.8332  1.63715
 4 60  900  93.7978  1.56551
 4 60  950  93.821  1.50082
 4 70  1000  76.9843  1.13559
 4 70  100  76.8658  2.87279
 4 70  1050  76.991  1.08439
 4 70  1100  76.9873  1.05126
 4 70  1150  76.9953  1.01416
 4 70  1200  77.0045  0.985597
 4 70  1250  76.9994  0.952909
 4 70  1300  77.0006  0.9324
 4 70  1350  77.0001  0.912597
 4 70  1400  77.0056  0.882991
 4 70  1450  77.0062  0.857255
 4 70  1500  77.0148  0.828239
 4 70  150  76.914  2.70551
 4 70  1550  77.0227  0.807691
 4 70  1600  77.0233  0.784468
 4 70  200  76.9693  2.5675
 4 70  250  76.9561  2.45425
 4 70  300  76.9582  2.23111
 4 70  350  76.9916  2.14957
 4 70  400  76.9995  1.98979
 4 70  450  76.9512  1.88401
 4 70  500  76.9789  1.75397
 4 70  50  76.8282  3.11313
 4 70  550  76.9667  1.69142
 4 70  600  76.9837  1.62671
 4 70  650  76.9701  1.53446
 4 70  700  76.9691  1.46518
 4 70  750  76.9639  1.37286
 4 70  800  76.9645  1.32422
 4 70  850  76.9728  1.27448
 4 70  900  76.9677  1.23381
 4 70  950  76.9769  1.1646
 4 80  1000  62.0594  0.961769
 4 80  100  61.9474  2.63692
 4 80  1050  62.0552  0.920562
 4 80  1100  62.0623  0.890153
 4 80  1150  62.0747  0.856798
 4 80  1200  62.0743  0.812992
 4 80  1250  62.0731  0.793824
 4 80  1300  62.075  0.773907
 4 80  1350  62.0828  0.760729
 4 80  1400  62.0819  0.720264
 4 80  1450  62.0852  0.707284
 4 80  1500  62.0834  0.68962
 4 80  150  62.0846  2.44726
 4 80  1550  62.0875  0.661179
 4 80  1600  62.0835  0.653868
 4 80  200  62.071  2.24568
 4 80  250  62.0652  2.12713
 4 80  300  62.0638  1.986
 4 80  350  62.0304  1.86589
 4 80  400  62.0648  1.76272
 4 80  450  62.0496  1.67992
 4 80  500  62.0587  1.59128
 4 80  50  61.9982  2.80127
 4 80  550  62.0591  1.46263
 4 80  600  62.0501  1.39192
 4 80  650  62.0576  1.32508
 4 80  700  62.0531  1.26762
 4 80  750  62.0588  1.19255
 4 80  800  62.0527  1.12322
 4 80  850  62.0518  1.09614
 4 80  900  62.0621  1.04152
 4 80  950  62.0605  1.00554
 4 90  1000  47.9945  0.896182
 4 90  100  48.0764  2.64951
 4 90  1050  47.9895  0.860669
 4 90  1100  47.9935  0.834003
 4 90  1150  47.9926  0.790375
 4 90  1200  47.9943  0.808668
 4 90  1250  47.9939  0.744072
 4 90  1300  47.9946  0.724203
 4 90  1350  47.9966  0.694178
 4 90  1400  47.9981  0.67958
 4 90  1450  47.9931  0.657495
 4 90  1500  47.9957  0.653496
 4 90  150  48.0067  2.42052
 4 90  1550  47.9981  0.62217
 4 90  1600  47.9959  0.619653
 4 90  200  47.9886  2.2866
 4 90  250  48.0156  2.05936
 4 90  300  47.9898  1.97505
 4 90  350  47.9868  1.81306
 4 90  400  47.9974  1.68767
 4 90  450  47.9912  1.60674
 4 90  500  48.0143  1.52717
 4 90  50  48.0019  2.77994
 4 90  550  47.9891  1.42545
 4 90  600  48.0012  1.3336
 4 90  650  47.9943  1.23472
 4 90  700  47.9971  1.18259
 4 90  750  47.9947  1.14336
 4 90  800  47.9934  1.06505
 4 90  850  47.9971  1.01058
 4 90  900  47.9941  0.975463
 4 90  950  47.9948  0.943637
