 1 100  1000  35.47  5.01461
 1 100  100  35.7511  3.01434
 1 100  1050  35.4492  4.02896
 1 100  1100  35.4088  3.98885
 1 100  1150  35.4259  4.0214
 1 100  1200  35.4687  4.13738
 1 100  1250  35.3972  4.13397
 1 100  1300  35.4246  4.09259
 1 100  1350  35.349  4.14579
 1 100  1400  35.4281  4.14241
 1 100  1450  35.3982  4.18443
 1 100  1500  35.4057  4.12328
 1 100  150  35.756  3.18174
 1 100  1550  35.4146  4.22173
 1 100  1600  35.4701  4.13352
 1 100  200  35.7154  3.35275
 1 100  250  35.6921  3.32843
 1 100  300  35.6553  3.5761
 1 100  350  35.6647  5.06887
 1 100  400  35.6611  3.60083
 1 100  450  35.5944  3.66157
 1 100  500  35.5338  3.83696
 1 100  50  35.9371  2.66454
 1 100  550  35.5756  3.94427
 1 100  600  35.5661  3.80236
 1 100  650  35.5588  3.85724
 1 100  700  35.493  3.95234
 1 100  750  35.5129  3.83429
 1 100  800  35.5416  4.00052
 1 100  850  35.4693  4.01948
 1 100  900  35.4658  3.98742
 1 100  950  35.4982  4.05757
 1 110  1000  22.2845  4.93492
 1 110  100  22.968  2.92786
 1 110  1050  22.2548  3.95424
 1 110  1100  22.1659  4.00976
 1 110  1150  22.1623  4.03011
 1 110  1200  22.2269  4.01821
 1 110  1250  22.1679  4.10325
 1 110  1300  22.1196  4.11878
 1 110  1350  22.0704  4.12801
 1 110  1400  22.1947  4.06444
 1 110  1450  22.0953  4.71764
 1 110  1500  22.1856  4.33327
 1 110  150  22.7905  3.20568
 1 110  1550  22.1001  5.29981
 1 110  1600  22.0668  4.37934
 1 110  200  22.7109  3.30359
 1 110  250  22.6334  3.40118
 1 110  300  22.5537  3.55892
 1 110  350  22.5467  3.60326
 1 110  400  22.4936  3.58897
 1 110  450  22.4635  3.7134
 1 110  500  22.4975  5.01876
 1 110  50  23.1047  2.7589
 1 110  550  22.4912  3.78039
 1 110  600  22.3998  3.71809
 1 110  650  22.4297  4.88886
 1 110  700  22.2737  3.85442
 1 110  750  22.2587  3.9045
 1 110  800  22.3042  3.99368
 1 110  850  22.308  3.95001
 1 110  900  22.2867  3.8949
 1 110  950  22.3104  3.96462
 1 115  1000  15.0885  4.29569
 1 115  100  15.9723  2.97257
 1 115  1050  15.1663  3.78789
 1 115  1100  15.0895  3.74789
 1 115  1150  15.1124  3.73868
 1 115  1200  15.09  4.72029
 1 115  1250  15.0423  3.76965
 1 115  1300  15.0188  3.83163
 1 115  1350  15.0172  3.88308
 1 115  1400  15.0671  3.84738
 1 115  1450  15.0224  4.68584
 1 115  1500  15.0533  3.89535
 1 115  150  15.7801  3.06958
 1 115  1550  14.9609  3.9206
 1 115  1600  14.9858  3.84871
 1 115  200  15.7007  5.06418
 1 115  250  15.7511  3.25173
 1 115  300  15.5082  3.38432
 1 115  350  15.5123  3.4431
 1 115  400  15.456  4.85671
 1 115  450  15.3679  3.47939
 1 115  500  15.4093  4.84087
 1 115  50  16.1611  2.74115
 1 115  550  15.2703  3.60316
 1 115  600  15.3182  3.54763
 1 115  650  15.2529  3.59286
 1 115  700  15.2438  3.59392
 1 115  750  15.2143  3.60511
 1 115  800  15.1856  3.68278
 1 115  850  15.1735  3.74111
 1 115  900  15.1575  3.72426
 1 115  950  15.1766  4.72142
 1 15  1000  299.738  3.66114
 1 15  100  296.886  4.06877
 1 15  1050  299.808  3.63
 1 15  1100  299.861  3.58488
 1 15  1150  299.943  3.59614
 1 15  1200  299.967  3.5173
 1 15  1250  300.031  3.57163
 1 15  1300  300.045  3.47154
 1 15  1350  300.096  3.45454
 1 15  1400  300.12  3.43633
 1 15  1450  300.172  3.4076
 1 15  1500  300.164  3.37884
 1 15  150  297.465  4.24465
 1 15  1550  300.235  3.3585
 1 15  1600  300.273  3.34169
 1 15  200  297.823  4.20929
 1 15  250  298.092  4.20248
 1 15  300  298.277  4.10195
 1 15  350  298.503  4.168
 1 15  400  298.67  4.12158
 1 15  450  298.782  4.05729
 1 15  500  298.925  3.99416
 1 15  50  296.088  4.04585
 1 15  550  299.047  4.03301
 1 15  600  299.128  3.95615
 1 15  650  299.232  3.89696
 1 15  700  299.317  3.82906
 1 15  750  299.42  3.8198
 1 15  800  299.507  3.8157
 1 15  850  299.56  3.75955
 1 15  900  299.66  3.75997
 1 15  950  299.678  3.66429
 1 20  1000  234.974  3.9527
 1 20  100  232.369  3.96128
 1 20  1050  235.014  3.88022
 1 20  1100  235.054  3.8679
 1 20  1150  235.139  3.87838
 1 20  1200  235.154  3.83218
 1 20  1250  235.214  3.84088
 1 20  1300  235.257  3.77897
 1 20  1350  235.292  3.7949
 1 20  1400  235.344  3.79736
 1 20  1450  235.376  3.78159
 1 20  1500  235.419  3.74293
 1 20  150  232.845  4.15953
 1 20  1550  235.44  3.70439
 1 20  1600  235.462  3.67119
 1 20  200  233.128  4.14993
 1 20  250  233.445  4.08633
 1 20  300  233.621  4.12033
 1 20  350  233.814  4.13218
 1 20  400  233.941  4.14379
 1 20  450  234.062  4.1089
 1 20  500  234.204  4.1048
 1 20  50  231.551  4.13315
 1 20  550  234.27  4.0463
 1 20  600  234.41  4.04857
 1 20  650  234.467  4.01881
 1 20  700  234.552  4.04289
 1 20  750  234.646  4.02263
 1 20  800  234.74  4.00953
 1 20  850  234.797  3.95875
 1 20  900  234.885  3.99786
 1 20  950  234.927  3.90778
 1 30  1000  167.529  4.2664
 1 30  100  165.286  3.61947
 1 30  1050  167.536  4.19649
 1 30  1100  167.564  4.20638
 1 30  1150  167.619  4.25993
 1 30  1200  167.668  4.35767
 1 30  1250  167.732  4.26905
 1 30  1300  167.757  4.19568
 1 30  1350  167.759  4.15682
 1 30  1400  167.797  4.24264
 1 30  1450  167.87  4.22108
 1 30  1500  167.898  4.21609
 1 30  150  165.754  3.82942
 1 30  1550  167.945  4.2719
 1 30  1600  167.975  4.25273
 1 30  200  165.989  4.02944
 1 30  250  166.159  4.00255
 1 30  300  166.351  4.1752
 1 30  350  166.494  4.32599
 1 30  400  166.643  4.29896
 1 30  450  166.739  4.31746
 1 30  500  166.805  4.29727
 1 30  50  164.71  3.90687
 1 30  550  166.946  4.1426
 1 30  600  166.992  4.10207
 1 30  650  167.08  4.27792
 1 30  700  167.158  4.11733
 1 30  750  167.207  4.17938
 1 30  800  167.28  4.15819
 1 30  850  167.369  4.23448
 1 30  900  167.383  4.23466
 1 30  950  167.463  4.18115
 1 40  1000  131.016  4.21636
 1 40  100  129.262  3.93389
 1 40  1050  131.117  4.29274
 1 40  1100  131.1  4.27962
 1 40  1150  131.196  4.33104
 1 40  1200  131.22  4.48312
 1 40  1250  131.256  4.40538
 1 40  1300  131.245  4.29015
 1 40  1350  131.314  4.39401
 1 40  1400  131.32  4.37082
 1 40  1450  131.355  4.34751
 1 40  1500  131.363  4.35193
 1 40  150  129.551  3.51858
 1 40  1550  131.389  4.40862
 1 40  1600  131.46  4.51373
 1 40  200  129.78  4.04091
 1 40  250  129.989  4.12809
 1 40  300  130.138  3.84658
 1 40  350  130.183  3.98933
 1 40  400  130.315  4.17066
 1 40  450  130.43  4.07225
 1 40  500  130.496  4.071
 1 40  50  128.704  3.20675
 1 40  550  130.587  4.05992
 1 40  600  130.638  4.10113
 1 40  650  130.75  4.21648
 1 40  700  130.805  4.41144
 1 40  750  130.811  4.14442
 1 40  800  130.914  4.26307
 1 40  850  130.952  4.2912
 1 40  900  130.983  4.21536
 1 40  950  131.013  4.28457
 1 50  1000  106.928  4.2503
 1 50  100  105.471  3.21344
 1 50  1050  106.907  4.25131
 1 50  1100  106.947  4.19755
 1 50  1150  106.996  4.25853
 1 50  1200  106.997  4.47828
 1 50  1250  107.126  4.36754
 1 50  1300  107.07  4.24096
 1 50  1350  107.154  4.37082
 1 50  1400  107.17  4.38374
 1 50  1450  107.194  4.33815
 1 50  1500  107.203  4.36996
 1 50  150  105.708  3.45441
 1 50  1550  107.232  4.38167
 1 50  1600  107.225  4.35857
 1 50  200  105.919  3.4384
 1 50  250  106.037  4.20511
 1 50  300  106.167  4.3063
 1 50  350  106.211  3.79139
 1 50  400  106.323  3.81627
 1 50  450  106.485  4.07322
 1 50  500  106.458  4.00959
 1 50  50  105.078  2.98744
 1 50  550  106.574  4.45176
 1 50  600  106.577  4.05962
 1 50  650  106.665  4.10032
 1 50  700  106.71  4.41618
 1 50  750  106.765  4.20463
 1 50  800  106.763  4.12407
 1 50  850  106.837  4.27943
 1 50  900  106.915  4.22861
 1 50  950  106.879  4.22514
 1 60  1000  88.7333  4.27087
 1 60  100  87.6271  4.32027
 1 60  1050  88.7816  4.16799
 1 60  1100  88.7969  4.22057
 1 60  1150  88.8579  4.1531
 1 60  1200  88.8  4.20789
 1 60  1250  88.8791  4.23902
 1 60  1300  88.8636  4.36791
 1 60  1350  88.7973  4.17054
 1 60  1400  88.9361  4.3508
 1 60  1450  88.9039  4.32965
 1 60  1500  88.982  5.0087
 1 60  150  87.8841  3.31222
 1 60  1550  88.9354  4.30512
 1 60  1600  89.0806  4.36204
 1 60  200  88.0098  3.38283
 1 60  250  88.1069  3.54689
 1 60  300  88.1806  3.6311
 1 60  350  88.2079  3.73997
 1 60  400  88.4248  4.52728
 1 60  450  88.3803  3.87627
 1 60  500  88.3513  3.85115
 1 60  50  87.3099  2.79959
 1 60  550  88.4456  3.98328
 1 60  600  88.5281  4.01132
 1 60  650  88.5609  3.9232
 1 60  700  88.6187  4.13563
 1 60  750  88.6724  4.62518
 1 60  800  88.6597  4.61747
 1 60  850  88.7143  4.11229
 1 60  900  88.7517  4.1495
 1 60  950  88.7223  4.16233
 1 70  1000  73.809  4.0899
 1 70  100  73.0407  3.04404
 1 70  1050  73.7788  4.1661
 1 70  1100  73.7723  4.1359
 1 70  1150  73.77  4.16056
 1 70  1200  73.8903  4.18889
 1 70  1250  73.7931  4.16825
 1 70  1300  73.886  4.1691
 1 70  1350  73.9327  4.33007
 1 70  1400  73.826  4.69574
 1 70  1450  73.9358  4.29946
 1 70  1500  73.9004  4.23585
 1 70  150  73.1349  3.2628
 1 70  1550  73.9327  4.229
 1 70  1600  73.9013  4.23317
 1 70  200  73.2327  3.40656
 1 70  250  73.3122  3.56248
 1 70  300  73.3515  3.57873
 1 70  350  73.3848  3.66788
 1 70  400  73.4703  3.65534
 1 70  450  73.5346  4.63905
 1 70  500  73.5273  4.64869
 1 70  50  72.8884  4.87786
 1 70  550  73.6535  4.2909
 1 70  600  73.5965  3.94823
 1 70  650  73.5916  3.86617
 1 70  700  73.6943  3.86433
 1 70  750  73.7352  3.84201
 1 70  800  73.715  3.92503
 1 70  850  73.791  3.98859
 1 70  900  73.7447  4.09522
 1 70  950  73.8042  4.06694
 1 80  1000  60.5492  4.1476
 1 80  100  60.2199  3.02966
 1 80  1050  60.5479  4.07249
 1 80  1100  60.515  4.09737
 1 80  1150  60.5708  4.77266
 1 80  1200  60.5319  4.13445
 1 80  1250  60.4653  4.11401
 1 80  1300  60.5145  4.18245
 1 80  1350  60.6079  4.19268
 1 80  1400  60.5628  4.31266
 1 80  1450  60.5801  4.89378
 1 80  1500  60.5711  4.26067
 1 80  150  60.244  3.12765
 1 80  1550  60.5469  4.185
 1 80  1600  60.607  4.29614
 1 80  200  60.3298  3.33446
 1 80  250  60.2762  3.34096
 1 80  300  60.3366  3.56043
 1 80  350  60.3571  3.52715
 1 80  400  60.3554  3.74181
 1 80  450  60.3266  3.5734
 1 80  500  60.403  3.74527
 1 80  50  60.0419  2.84486
 1 80  550  60.3081  3.82259
 1 80  600  60.4683  4.8644
 1 80  650  60.4759  3.84825
 1 80  700  60.4582  3.83601
 1 80  750  60.4276  4.61603
 1 80  800  60.4548  3.9845
 1 80  850  60.4602  3.93181
 1 80  900  60.4638  4.04761
 1 80  950  60.5643  3.95845
 1 90  1000  47.9654  3.93097
 1 90  100  48  3.07471
 1 90  1050  48.0379  3.95779
 1 90  1100  48.0531  4.11282
 1 90  1150  47.9507  3.93846
 1 90  1200  47.9662  3.97871
 1 90  1250  48.058  4.12638
 1 90  1300  47.9834  4.12797
 1 90  1350  48.0176  4.14437
 1 90  1400  47.9777  4.15807
 1 90  1450  48.0336  4.1603
 1 90  1500  48.0483  4.16499
 1 90  150  47.9881  3.17049
 1 90  1550  48.0079  4.31661
 1 90  1600  48.0982  4.31747
 1 90  200  47.9424  3.26506
 1 90  250  47.9902  3.41249
 1 90  300  48.0762  3.555
 1 90  350  48.0222  3.47908
 1 90  400  47.9727  3.72081
 1 90  450  47.9956  3.6518
 1 90  500  47.9721  3.68009
 1 90  50  48.091  2.69269
 1 90  550  48.0388  3.75866
 1 90  600  47.9472  3.79504
 1 90  650  48.0218  3.80034
 1 90  700  48.0846  3.98654
 1 90  750  48.0164  4.09645
 1 90  800  47.9965  3.89212
 1 90  850  47.967  3.89739
 1 90  900  47.9615  4.04448
 1 90  950  47.9758  4.00416
 2 100  1000  35.4198  1.92971
 2 100  100  35.5768  1.99894
 2 100  1050  35.4109  1.95293
 2 100  1100  35.3841  1.91731
 2 100  1150  35.3956  1.953
 2 100  1200  35.3952  1.89032
 2 100  1250  35.3902  1.88695
 2 100  1300  35.3759  1.90268
 2 100  1350  35.4044  1.91639
 2 100  1400  35.3764  1.95839
 2 100  1450  35.4053  1.93837
 2 100  1500  35.3705  1.94064
 2 100  150  35.5855  1.96582
 2 100  1550  35.3667  1.92153
 2 100  1600  35.3854  1.91172
 2 100  200  35.5625  1.86683
 2 100  250  35.542  1.95228
 2 100  300  35.5422  1.93035
 2 100  350  35.5316  1.82787
 2 100  400  35.5492  1.92221
 2 100  450  35.5002  1.88441
 2 100  500  35.467  1.98801
 2 100  50  35.6767  2.05581
 2 100  550  35.484  1.90535
 2 100  600  35.4924  1.93287
 2 100  650  35.442  1.94849
 2 100  700  35.4529  1.9596
 2 100  750  35.4336  1.92377
 2 100  800  35.4397  1.94302
 2 100  850  35.4226  1.93717
 2 100  900  35.4385  1.89967
 2 100  950  35.419  1.97022
 2 110  1000  22.068  2.45092
 2 110  100  22.5118  2.0474
 2 110  1050  22.0557  1.96491
 2 110  1100  22.0475  1.91097
 2 110  1150  22.0243  1.93
 2 110  1200  22.0014  1.9485
 2 110  1250  21.9939  1.96143
 2 110  1300  22.0226  1.89417
 2 110  1350  21.987  1.94491
 2 110  1400  22.0037  1.89291
 2 110  1450  21.9979  1.91589
 2 110  1500  21.9877  1.88674
 2 110  150  22.3793  2.01805
 2 110  1550  21.9864  1.94014
 2 110  1600  21.964  1.87279
 2 110  200  22.3554  1.91571
 2 110  250  22.3053  1.98807
 2 110  300  22.3023  1.97521
 2 110  350  22.2777  1.96923
 2 110  400  22.2413  1.99916
 2 110  450  22.2218  1.94724
 2 110  500  22.2063  1.95101
 2 110  50  22.5465  2.14368
 2 110  550  22.1841  1.96126
 2 110  600  22.1749  1.9579
 2 110  650  22.1445  1.99473
 2 110  700  22.1564  1.98766
 2 110  750  22.1201  1.94103
 2 110  800  22.1075  1.92262
 2 110  850  22.1108  1.91594
 2 110  900  22.0855  1.93441
 2 110  950  22.0866  1.89964
 2 115  1000  14.8333  1.86459
 2 115  100  15.3786  2.04646
 2 115  1050  14.8221  1.88971
 2 115  1100  14.8229  1.87722
 2 115  1150  14.7817  1.92694
 2 115  1200  14.7714  1.85617
 2 115  1250  14.7696  1.84493
 2 115  1300  14.7662  2.09198
 2 115  1350  14.7477  1.83566
 2 115  1400  14.7628  1.81666
 2 115  1450  14.7364  1.84081
 2 115  1500  14.7314  1.82098
 2 115  150  15.2711  1.95407
 2 115  1550  14.7273  1.82631
 2 115  1600  14.7239  1.84021
 2 115  200  15.2238  1.95479
 2 115  250  15.1533  1.991
 2 115  300  15.1468  1.92898
 2 115  350  15.0475  1.92207
 2 115  400  15.0376  1.93854
 2 115  450  15.0189  1.96648
 2 115  500  15.0066  1.92243
 2 115  50  15.4481  2.32743
 2 115  550  14.9696  1.94574
 2 115  600  14.9591  1.92344
 2 115  650  14.9283  1.93456
 2 115  700  14.9228  1.92613
 2 115  750  14.885  1.90676
 2 115  800  14.9282  1.9144
 2 115  850  14.8889  1.89936
 2 115  900  14.8542  1.8763
 2 115  950  14.8442  1.89854
 2 15  1000  302.785  3.17573
 2 15  100  300.173  4.49762
 2 15  1050  302.807  3.0964
 2 15  1100  302.871  3.06605
 2 15  1150  302.93  3.01565
 2 15  1200  302.982  2.99586
 2 15  1250  303.003  2.95398
 2 15  1300  303.047  2.90396
 2 15  1350  303.08  2.86438
 2 15  1400  303.109  2.83278
 2 15  1450  303.151  2.81378
 2 15  1500  303.176  2.77792
 2 15  150  300.698  4.32367
 2 15  1550  303.222  2.72695
 2 15  1600  303.251  2.71363
 2 15  200  301.067  4.21151
 2 15  250  301.391  4.13234
 2 15  300  301.509  4.00307
 2 15  350  301.696  3.94306
 2 15  400  301.879  3.91826
 2 15  450  301.95  3.78542
 2 15  500  302.046  3.72536
 2 15  50  299.452  4.66249
 2 15  550  302.174  3.65397
 2 15  600  302.21  3.56736
 2 15  650  302.348  3.52934
 2 15  700  302.406  3.46944
 2 15  750  302.491  3.42485
 2 15  800  302.533  3.33946
 2 15  850  302.603  3.3109
 2 15  900  302.675  3.25173
 2 15  950  302.71  3.20955
 2 20  1000  237.537  2.75212
 2 20  100  235.464  4.01406
 2 20  1050  237.61  2.68464
 2 20  1100  237.653  2.65266
 2 20  1150  237.675  2.60011
 2 20  1200  237.732  2.57169
 2 20  1250  237.764  2.53549
 2 20  1300  237.821  2.51025
 2 20  1350  237.826  2.47027
 2 20  1400  237.871  2.47344
 2 20  1450  237.902  2.42325
 2 20  1500  237.948  2.40073
 2 20  150  235.857  3.76473
 2 20  1550  237.972  2.35552
 2 20  1600  237.986  2.35501
 2 20  200  236.099  3.67665
 2 20  250  236.27  3.54928
 2 20  300  236.51  3.59236
 2 20  350  236.605  3.40138
 2 20  400  236.75  3.40059
 2 20  450  236.842  3.26877
 2 20  500  236.958  3.23475
 2 20  50  234.64  4.22251
 2 20  550  237.02  3.19415
 2 20  600  237.088  3.08818
 2 20  650  237.186  3.07033
 2 20  700  237.228  2.96049
 2 20  750  237.306  2.96409
 2 20  800  237.371  2.91463
 2 20  850  237.438  2.8469
 2 20  900  237.444  2.80155
 2 20  950  237.521  2.76342
 2 30  1000  169.203  2.32039
 2 30  100  167.5  3.07647
 2 30  1050  169.247  2.26812
 2 30  1100  169.288  2.277
 2 30  1150  169.317  2.24956
 2 30  1200  169.356  2.21878
 2 30  1250  169.373  2.21263
 2 30  1300  169.379  2.17919
 2 30  1350  169.427  2.15487
 2 30  1400  169.453  2.13025
 2 30  1450  169.492  2.15069
 2 30  1500  169.509  2.10888
 2 30  150  167.834  3.02707
 2 30  1550  169.522  2.10463
 2 30  1600  169.541  2.07679
 2 30  200  168.056  2.96165
 2 30  250  168.175  2.85543
 2 30  300  168.321  2.9572
 2 30  350  168.444  2.78811
 2 30  400  168.541  2.73789
 2 30  450  168.601  2.71362
 2 30  500  168.712  2.69431
 2 30  50  167.055  3.41036
 2 30  550  168.773  2.59752
 2 30  600  168.836  2.57686
 2 30  650  168.885  2.5248
 2 30  700  168.935  2.48555
 2 30  750  168.989  2.47427
 2 30  800  169.029  2.4304
 2 30  850  169.102  2.41889
 2 30  900  169.133  2.39691
 2 30  950  169.179  2.38303
 2 40  1000  132.072  2.15719
 2 40  100  130.787  2.71934
 2 40  1050  132.123  2.16617
 2 40  1100  132.14  2.11584
 2 40  1150  132.159  2.11116
 2 40  1200  132.181  2.10765
 2 40  1250  132.224  2.10008
 2 40  1300  132.238  2.07256
 2 40  1350  132.248  2.0528
 2 40  1400  132.282  2.05105
 2 40  1450  132.31  2.05141
 2 40  1500  132.316  2.05452
 2 40  150  131.046  2.59565
 2 40  1550  132.341  2.02668
 2 40  1600  132.339  1.96216
 2 40  200  131.162  2.63861
 2 40  250  131.295  2.48789
 2 40  300  131.376  2.44239
 2 40  350  131.47  2.44249
 2 40  400  131.542  2.4462
 2 40  450  131.622  2.41028
 2 40  500  131.658  2.35884
 2 40  50  130.396  2.86519
 2 40  550  131.726  2.34212
 2 40  600  131.763  2.32676
 2 40  650  131.839  2.37514
 2 40  700  131.875  2.25871
 2 40  750  131.918  2.2571
 2 40  800  131.966  2.22937
 2 40  850  132.006  2.2318
 2 40  900  132.024  2.17612
 2 40  950  132.065  2.20992
 2 50  1000  107.502  2.04088
 2 50  100  106.603  2.41344
 2 50  1050  107.514  2.08364
 2 50  1100  107.539  2.05978
 2 50  1150  107.57  2.06025
 2 50  1200  107.566  2.04187
 2 50  1250  107.596  2.04695
 2 50  1300  107.606  2.04488
 2 50  1350  107.64  2.04277
 2 50  1400  107.636  2.00708
 2 50  1450  107.668  2.02202
 2 50  1500  107.675  2.01108
 2 50  150  106.702  2.29738
 2 50  1550  107.7  1.98862
 2 50  1600  107.715  1.98894
 2 50  200  106.827  2.28342
 2 50  250  106.861  2.26489
 2 50  300  106.969  2.20585
 2 50  350  107.038  2.23812
 2 50  400  107.076  2.17805
 2 50  450  107.152  2.21011
 2 50  500  107.202  2.23436
 2 50  50  106.355  2.7995
 2 50  550  107.226  2.17417
 2 50  600  107.28  2.14186
 2 50  650  107.325  2.16277
 2 50  700  107.328  2.1405
 2 50  750  107.368  2.12271
 2 50  800  107.406  2.11219
 2 50  850  107.434  2.15759
 2 50  900  107.444  2.12372
 2 50  950  107.459  2.08769
 2 60  1000  89.0518  2.00576
 2 60  100  88.4075  2.28413
 2 60  1050  89.0678  2.06572
 2 60  1100  89.0816  1.98746
 2 60  1150  89.1062  1.97804
 2 60  1200  89.1142  2.01769
 2 60  1250  89.1342  2.03202
 2 60  1300  89.1216  1.98184
 2 60  1350  89.1364  1.9578
 2 60  1400  89.1652  1.96108
 2 60  1450  89.1814  1.99463
 2 60  1500  89.1754  1.9751
 2 60  150  88.4759  2.19599
 2 60  1550  89.1738  1.96475
 2 60  1600  89.1811  1.92468
 2 60  200  88.5686  2.06812
 2 60  250  88.6427  2.1676
 2 60  300  88.6789  2.07292
 2 60  350  88.7248  2.17433
 2 60  400  88.778  2.06147
 2 60  450  88.8052  2.0993
 2 60  500  88.8207  2.01223
 2 60  50  88.1846  2.52711
 2 60  550  88.8714  2.02757
 2 60  600  88.8788  2.26382
 2 60  650  88.8907  2.02573
 2 60  700  88.9369  2.00831
 2 60  750  88.9432  2.00939
 2 60  800  88.9845  1.99262
 2 60  850  89.0067  2.01021
 2 60  900  89.0109  1.9861
 2 60  950  89.0567  2.05481
 2 70  1000  73.9259  1.9323
 2 70  100  73.4773  2.03652
 2 70  1050  73.9237  1.96953
 2 70  1100  73.9008  1.94364
 2 70  1150  73.9145  1.90538
 2 70  1200  73.9477  1.92871
 2 70  1250  73.9644  1.9629
 2 70  1300  73.9576  1.93007
 2 70  1350  73.9838  1.95612
 2 70  1400  73.9966  1.94351
 2 70  1450  74.0074  1.91719
 2 70  1500  73.993  1.96976
 2 70  150  73.5571  1.96636
 2 70  1550  73.9928  1.93716
 2 70  1600  74.0034  1.90938
 2 70  200  73.6052  1.96487
 2 70  250  73.6877  2.01756
 2 70  300  73.6913  2.0233
 2 70  350  73.694  2.02824
 2 70  400  73.7514  2.0243
 2 70  450  73.7516  1.9993
 2 70  500  73.8041  1.96817
 2 70  50  73.3961  2.17914
 2 70  550  73.8083  1.93695
 2 70  600  73.82  2.01236
 2 70  650  73.8142  1.97698
 2 70  700  73.8627  1.9551
 2 70  750  73.8378  1.97098
 2 70  800  73.8965  1.99817
 2 70  850  73.862  1.97057
 2 70  900  73.8783  1.93751
 2 70  950  73.908  1.95983
 2 80  1000  60.5369  2.00026
 2 80  100  60.3533  1.9333
 2 80  1050  60.5896  1.95331
 2 80  1100  60.567  1.9256
 2 80  1150  60.5935  1.95316
 2 80  1200  60.5864  1.95044
 2 80  1250  60.5959  1.91659
 2 80  1300  60.5765  1.94376
 2 80  1350  60.6002  1.89113
 2 80  1400  60.598  1.93796
 2 80  1450  60.596  1.92703
 2 80  1500  60.5897  1.93811
 2 80  150  60.3987  1.97614
 2 80  1550  60.6238  1.92499
 2 80  1600  60.6074  1.90259
 2 80  200  60.4458  1.8776
 2 80  250  60.4615  1.97649
 2 80  300  60.4691  1.91138
 2 80  350  60.4658  1.93626
 2 80  400  60.4404  1.90081
 2 80  450  60.481  1.93535
 2 80  500  60.4929  1.9466
 2 80  50  60.2846  2.08245
 2 80  550  60.5045  1.94593
 2 80  600  60.5077  1.93374
 2 80  650  60.5257  1.90919
 2 80  700  60.5384  1.93064
 2 80  750  60.5594  1.91775
 2 80  800  60.5559  1.99597
 2 80  850  60.5619  1.9668
 2 80  900  60.5642  1.91583
 2 80  950  60.5591  1.94631
 2 90  1000  47.9845  1.91529
 2 90  100  47.9809  1.91363
 2 90  1050  48.0097  1.94329
 2 90  1100  47.9915  1.94589
 2 90  1150  47.9975  1.94652
 2 90  1200  48.0261  1.95233
 2 90  1250  48.0042  1.9222
 2 90  1300  48.005  1.96458
 2 90  1350  47.9898  1.94763
 2 90  1400  47.9859  1.92155
 2 90  1450  48.0037  1.86864
 2 90  1500  47.9901  1.87233
 2 90  150  47.9878  1.96325
 2 90  1550  48.0063  1.90709
 2 90  1600  47.9688  1.90642
 2 90  200  47.9503  1.9186
 2 90  250  48.0121  1.86625
 2 90  300  47.9903  1.89359
 2 90  350  48.0314  1.95965
 2 90  400  47.9869  1.94762
 2 90  450  47.9831  1.938
 2 90  500  47.972  1.92856
 2 90  50  47.98  2.25925
 2 90  550  47.9809  1.93421
 2 90  600  48.0122  1.95446
 2 90  650  48.007  1.95084
 2 90  700  47.9788  1.94439
 2 90  750  47.983  1.9441
 2 90  800  47.9969  1.94161
 2 90  850  47.9729  1.91499
 2 90  900  48.0144  1.9884
 2 90  950  47.9757  1.94355
 3 100  1000  34.7957  1.39079
 3 100  100  34.9825  2.15137
 3 100  1050  34.8173  1.37163
 3 100  1100  34.8019  1.35524
 3 100  1150  34.8004  1.33616
 3 100  1200  34.8023  1.31581
 3 100  1250  34.7939  1.30444
 3 100  1300  34.789  1.30353
 3 100  1350  34.7855  1.27204
 3 100  1400  34.7822  1.25915
 3 100  1450  34.788  1.23028
 3 100  1500  34.7865  1.22801
 3 100  150  34.9451  1.95291
 3 100  1550  34.7693  1.20635
 3 100  1600  34.7806  1.18718
 3 100  200  34.9108  1.9231
 3 100  250  34.9003  1.83276
 3 100  300  34.9091  1.84713
 3 100  350  34.8929  1.73496
 3 100  400  34.8902  1.7019
 3 100  450  34.8784  1.7196
 3 100  500  34.8746  1.65053
 3 100  50  35.1083  2.9027
 3 100  550  34.869  1.58989
 3 100  600  34.8683  1.55825
 3 100  650  34.8418  1.53806
 3 100  700  34.8347  1.49138
 3 100  750  34.8272  1.51457
 3 100  800  34.8298  1.45608
 3 100  850  34.8248  1.43869
 3 100  900  34.8166  1.43042
 3 100  950  34.8253  1.41559
 3 110  1000  20.8272  1.47415
 3 110  100  21.248  2.11131
 3 110  1050  20.8089  1.43364
 3 110  1100  20.7948  1.4014
 3 110  1150  20.8004  1.38196
 3 110  1200  20.7775  1.38365
 3 110  1250  20.7806  1.3329
 3 110  1300  20.7696  1.33657
 3 110  1350  20.7786  1.30721
 3 110  1400  20.7657  1.29255
 3 110  1450  20.7622  1.28527
 3 110  1500  20.75  1.272
 3 110  150  21.1183  2.03747
 3 110  1550  20.7598  1.2487
 3 110  1600  20.7406  1.24331
 3 110  200  21.0364  1.95264
 3 110  250  21.0327  1.93234
 3 110  300  21.0357  1.82265
 3 110  350  20.9611  1.77361
 3 110  400  20.9631  1.78176
 3 110  450  20.9207  1.70941
 3 110  500  20.9304  1.718
 3 110  50  21.4362  2.68147
 3 110  550  20.8961  1.69068
 3 110  600  20.9148  1.61212
 3 110  650  20.8936  1.60189
 3 110  700  20.8862  1.56711
 3 110  750  20.8706  1.57919
 3 110  800  20.8447  1.53487
 3 110  850  20.836  1.52523
 3 110  900  20.8294  1.4855
 3 110  950  20.8355  1.4666
 3 115  1000  13.254  1.46122
 3 115  100  13.7705  2.22041
 3 115  1050  13.2471  1.42844
 3 115  1100  13.2338  1.40565
 3 115  1150  13.2282  1.41875
 3 115  1200  13.2167  1.35938
 3 115  1250  13.2105  1.35634
 3 115  1300  13.1888  1.33844
 3 115  1350  13.188  1.32226
 3 115  1400  13.1928  1.29792
 3 115  1450  13.1714  1.28924
 3 115  1500  13.1652  1.26933
 3 115  150  13.6591  2.26516
 3 115  1550  13.1703  1.25109
 3 115  1600  13.1595  1.25795
 3 115  200  13.5795  2.03516
 3 115  250  13.4607  1.94075
 3 115  300  13.5004  1.88376
 3 115  350  13.4321  1.83219
 3 115  400  13.43  1.80611
 3 115  450  13.3747  1.74636
 3 115  500  13.3568  1.73209
 3 115  50  14.3329  2.90655
 3 115  550  13.3662  1.67974
 3 115  600  13.3546  1.63807
 3 115  650  13.3281  1.61431
 3 115  700  13.3159  1.58732
 3 115  750  13.3037  1.55645
 3 115  800  13.2925  1.54299
 3 115  850  13.3003  1.5156
 3 115  900  13.2979  1.58115
 3 115  950  13.2657  1.48031
 3 15  1000  307.803  5.33628
 3 15  100  304.435  6.31522
 3 15  1050  307.883  5.15779
 3 15  1100  307.921  5.10404
 3 15  1150  307.973  5.06589
 3 15  1200  308.127  4.98981
 3 15  1250  308.137  5.03055
 3 15  1300  308.048  5.05557
 3 15  1350  308.11  4.89934
 3 15  1400  308.125  4.93402
 3 15  1450  308.122  4.91323
 3 15  1500  308.221  4.88611
 3 15  150  304.968  6.63603
 3 15  1550  308.296  4.77848
 3 15  1600  308.373  4.79133
 3 15  200  306.114  6.02522
 3 15  250  305.643  5.77306
 3 15  300  306.286  6.07135
 3 15  350  306.517  5.59747
 3 15  400  306.888  5.89043
 3 15  450  306.724  5.78471
 3 15  500  307.203  5.73585
 3 15  50  303.29  6.36162
 3 15  550  307.229  5.68247
 3 15  600  307.274  5.63344
 3 15  650  307.331  5.68867
 3 15  700  307.562  5.4414
 3 15  750  307.572  5.50621
 3 15  800  307.669  5.39046
 3 15  850  307.717  5.33552
 3 15  900  307.763  5.32514
 3 15  950  307.801  5.24655
 3 20  1000  242.915  4.17379
 3 20  100  239.767  5.70148
 3 20  1050  242.982  4.14701
 3 20  1100  242.914  4.19473
 3 20  1150  243.018  4.05656
 3 20  1200  243.053  4.04694
 3 20  1250  243.076  4.01887
 3 20  1300  243.157  3.92017
 3 20  1350  243.083  3.86518
 3 20  1400  243.17  3.90683
 3 20  1450  243.151  3.80131
 3 20  1500  243.167  3.80304
 3 20  150  240.826  5.15048
 3 20  1550  243.208  3.72391
 3 20  1600  243.184  3.70151
 3 20  200  241.947  6.81005
 3 20  250  241.804  5.16086
 3 20  300  242.053  5.03404
 3 20  350  242.135  4.99638
 3 20  400  242.317  4.87634
 3 20  450  242.582  4.85857
 3 20  500  242.558  4.57251
 3 20  50  238.479  5.23439
 3 20  550  242.457  4.73925
 3 20  600  242.463  4.59737
 3 20  650  242.639  4.60855
 3 20  700  242.762  4.52456
 3 20  750  242.758  4.48492
 3 20  800  242.78  4.43671
 3 20  850  242.835  4.33021
 3 20  900  242.907  4.34198
 3 20  950  242.918  4.23842
 3 30  1000  173.737  2.82391
 3 30  100  172.448  4.27537
 3 30  1050  173.786  2.77598
 3 30  1100  173.809  2.7284
 3 30  1150  173.836  2.70939
 3 30  1200  173.856  2.67283
 3 30  1250  173.858  2.61843
 3 30  1300  173.86  2.59919
 3 30  1350  173.876  2.56052
 3 30  1400  173.877  2.51028
 3 30  1450  173.901  2.50747
 3 30  1500  173.91  2.49282
 3 30  150  172.658  3.93798
 3 30  1550  173.91  2.43761
 3 30  1600  173.937  2.41445
 3 30  200  173.01  3.74132
 3 30  250  172.949  3.68238
 3 30  300  173.069  3.5839
 3 30  350  173.36  3.56787
 3 30  400  173.339  3.49177
 3 30  450  173.437  3.39276
 3 30  500  173.503  3.29943
 3 30  50  172.091  5.40684
 3 30  550  173.536  3.27526
 3 30  600  173.565  3.21282
 3 30  650  173.575  3.14503
 3 30  700  173.634  3.08973
 3 30  750  173.648  3.02011
 3 30  800  173.674  3.00584
 3 30  850  173.679  2.9129
 3 30  900  173.71  2.92171
 3 30  950  173.767  2.88148
 3 40  1000  135.658  2.14542
 3 40  100  134.732  3.30241
 3 40  1050  135.675  2.11072
 3 40  1100  135.695  2.10381
 3 40  1150  135.697  2.05712
 3 40  1200  135.713  2.01366
 3 40  1250  135.726  2.00951
 3 40  1300  135.732  1.97373
 3 40  1350  135.744  1.9509
 3 40  1400  135.759  1.91157
 3 40  1450  135.776  1.90371
 3 40  1500  135.792  1.87088
 3 40  150  134.926  3.03979
 3 40  1550  135.813  1.85573
 3 40  1600  135.798  1.81081
 3 40  200  135.059  3.02179
 3 40  250  135.04  2.88416
 3 40  300  135.284  2.84059
 3 40  350  135.239  2.68618
 3 40  400  135.314  2.65578
 3 40  450  135.323  2.63526
 3 40  500  135.38  2.56486
 3 40  50  134.556  4.2477
 3 40  550  135.414  2.46671
 3 40  600  135.506  2.51172
 3 40  650  135.525  2.40181
 3 40  700  135.563  2.38785
 3 40  750  135.542  2.32624
 3 40  800  135.561  2.28969
 3 40  850  135.614  2.25007
 3 40  900  135.602  2.20229
 3 40  950  135.634  2.18726
 3 50  1000  110.193  1.79123
 3 50  100  109.51  3.00837
 3 50  1050  110.195  1.77209
 3 50  1100  110.218  1.74256
 3 50  1150  110.218  1.71127
 3 50  1200  110.232  1.67438
 3 50  1250  110.259  1.66599
 3 50  1300  110.267  1.64408
 3 50  1350  110.276  1.62249
 3 50  1400  110.295  1.60141
 3 50  1450  110.293  1.57503
 3 50  1500  110.311  1.55135
 3 50  150  109.636  2.60031
 3 50  1550  110.319  1.53889
 3 50  1600  110.333  1.53228
 3 50  200  109.659  2.4977
 3 50  250  109.801  2.3534
 3 50  300  109.844  2.40835
 3 50  350  109.866  2.223
 3 50  400  109.92  2.19619
 3 50  450  110.001  2.20204
 3 50  500  109.995  2.1438
 3 50  50  109.003  3.00463
 3 50  550  110.038  2.1021
 3 50  600  110.048  2.08328
 3 50  650  110.07  2.0202
 3 50  700  110.088  1.98038
 3 50  750  110.094  1.94059
 3 50  800  110.115  1.90985
 3 50  850  110.161  1.88722
 3 50  900  110.164  1.83566
 3 50  950  110.18  1.82455
 3 60  1000  90.9925  1.57983
 3 60  100  90.3976  2.36311
 3 60  1050  91.0005  1.5333
 3 60  1100  90.9918  1.50521
 3 60  1150  91.0168  1.48603
 3 60  1200  91.0311  1.49648
 3 60  1250  91.0283  1.45881
 3 60  1300  91.0384  1.44527
 3 60  1350  91.0481  1.42408
 3 60  1400  91.0551  1.39567
 3 60  1450  91.0794  1.39381
 3 60  1500  91.0759  1.36306
 3 60  150  90.4826  2.25885
 3 60  1550  91.0946  1.35284
 3 60  1600  91.0867  1.33953
 3 60  200  90.6301  2.18033
 3 60  250  90.6713  2.09589
 3 60  300  90.7178  2.05109
 3 60  350  90.7398  1.96645
 3 60  400  90.7936  1.95699
 3 60  450  90.8107  1.89568
 3 60  500  90.8173  1.86178
 3 60  50  89.9802  2.62665
 3 60  550  90.8637  1.80936
 3 60  600  90.8789  1.80993
 3 60  650  90.8916  1.77045
 3 60  700  90.8945  1.72546
 3 60  750  90.9177  1.70376
 3 60  800  90.9344  1.66904
 3 60  850  90.9474  1.65079
 3 60  900  90.9443  1.62556
 3 60  950  90.9866  1.59449
 3 70  1000  75.1684  1.45598
 3 70  100  74.845  2.08944
 3 70  1050  75.1672  1.41277
 3 70  1100  75.1782  1.42466
 3 70  1150  75.1845  1.39752
 3 70  1200  75.206  1.35815
 3 70  1250  75.1915  1.33759
 3 70  1300  75.2086  1.3305
 3 70  1350  75.1979  1.30729
 3 70  1400  75.2214  1.34326
 3 70  1450  75.2206  1.28283
 3 70  1500  75.2291  1.26359
 3 70  150  74.923  2.07103
 3 70  1550  75.2376  1.25423
 3 70  1600  75.2373  1.21846
 3 70  200  74.9137  2.02309
 3 70  250  74.956  1.91481
 3 70  300  74.9836  1.86739
 3 70  350  75.0133  1.83027
 3 70  400  75.0095  1.80547
 3 70  450  75.0188  1.74287
 3 70  500  75.0591  1.73938
 3 70  50  74.4292  2.30198
 3 70  550  75.0721  1.67708
 3 70  600  75.075  1.61574
 3 70  650  75.0918  1.58323
 3 70  700  75.1047  1.58874
 3 70  750  75.1183  1.57177
 3 70  800  75.1423  1.52754
 3 70  850  75.1343  1.51424
 3 70  900  75.1367  1.48987
 3 70  950  75.1437  1.46286
 3 80  1000  61.1666  1.38032
 3 80  100  60.889  2.19617
 3 80  1050  61.1783  1.37102
 3 80  1100  61.1752  1.36093
 3 80  1150  61.1876  1.3263
 3 80  1200  61.1909  1.32671
 3 80  1250  61.1892  1.29961
 3 80  1300  61.2049  1.28445
 3 80  1350  61.202  1.26169
 3 80  1400  61.2068  1.23712
 3 80  1450  61.2095  1.24713
 3 80  1500  61.1969  1.21669
 3 80  150  61.0818  2.10619
 3 80  1550  61.204  1.2271
 3 80  1600  61.2182  1.19284
 3 80  200  61.0589  1.86816
 3 80  250  61.0982  1.85049
 3 80  300  61.0813  1.78516
 3 80  350  61.0937  1.70141
 3 80  400  61.1193  1.67458
 3 80  450  61.1142  1.66136
 3 80  500  61.1345  1.63625
 3 80  50  61.0908  2.41733
 3 80  550  61.1466  1.61556
 3 80  600  61.1062  1.56879
 3 80  650  61.1421  1.53799
 3 80  700  61.154  1.50851
 3 80  750  61.1535  1.49107
 3 80  800  61.1605  1.48578
 3 80  850  61.1558  1.46079
 3 80  900  61.1604  1.4338
 3 80  950  61.1741  1.41547
 3 90  1000  47.9989  1.37985
 3 90  100  47.9333  2.10269
 3 90  1050  47.9833  1.35162
 3 90  1100  47.9928  1.32338
 3 90  1150  47.9948  1.30091
 3 90  1200  47.9932  1.29848
 3 90  1250  47.9983  1.28854
 3 90  1300  47.9926  1.26089
 3 90  1350  47.9907  1.25004
 3 90  1400  47.996  1.23664
 3 90  1450  47.9989  1.22307
 3 90  1500  47.9928  1.21419
 3 90  150  48.0496  1.93986
 3 90  1550  47.9953  1.19156
 3 90  1600  47.9904  1.18391
 3 90  200  47.9897  1.89441
 3 90  250  47.9996  1.81119
 3 90  300  47.9865  1.73571
 3 90  350  47.9955  1.67306
 3 90  400  47.9884  1.6945
 3 90  450  47.9949  1.64765
 3 90  500  47.9945  1.59701
 3 90  50  48.2041  2.31904
 3 90  550  48.0023  1.60526
 3 90  600  48.0169  1.55225
 3 90  650  48.0088  1.53557
 3 90  700  48.0089  1.50591
 3 90  750  47.9947  1.49873
 3 90  800  47.9983  1.432
 3 90  850  48.0101  1.43068
 3 90  900  47.981  1.40014
 3 90  950  47.9971  1.38906
 4 100  1000  33.8168  2.11671
 4 100  100  33.891  3.81509
 4 100  1050  33.8169  2.21616
 4 100  1100  33.8327  2.01261
 4 100  1150  33.8111  1.99224
 4 100  1200  33.8207  1.97584
 4 100  1250  33.8005  1.90232
 4 100  1300  33.8145  1.87414
 4 100  1350  33.8051  1.82057
 4 100  1400  33.8151  1.78191
 4 100  1450  33.8095  1.76915
 4 100  1500  33.8191  1.73075
 4 100  150  33.976  3.40786
 4 100  1550  33.8076  1.69598
 4 100  1600  33.8113  1.69358
 4 100  200  33.905  3.26484
 4 100  250  33.865  3.06323
 4 100  300  33.9253  3.03174
 4 100  350  33.8967  3.06369
 4 100  400  33.8806  2.84509
 4 100  450  33.8367  2.72458
 4 100  500  33.8527  2.73307
 4 100  50  34.1793  4.15988
 4 100  550  33.8396  2.62758
 4 100  600  33.8185  2.57593
 4 100  650  33.8587  2.50659
 4 100  700  33.8439  2.44872
 4 100  750  33.8165  2.39698
 4 100  800  33.8401  2.34333
 4 100  850  33.8369  2.2695
 4 100  900  33.8456  2.23098
 4 100  950  33.8252  2.29938
 4 110  1000  18.849  2.29339
 4 110  100  19.1168  3.65531
 4 110  1050  18.8314  2.283
 4 110  1100  18.8341  2.19101
 4 110  1150  18.8483  2.13447
 4 110  1200  18.8352  2.12226
 4 110  1250  18.8237  2.07416
 4 110  1300  18.8084  2.35614
 4 110  1350  18.8212  2.03761
 4 110  1400  18.8151  2.10716
 4 110  1450  18.8042  1.98276
 4 110  1500  18.8039  2.42478
 4 110  150  19.0486  3.54991
 4 110  1550  18.8221  2.0885
 4 110  1600  18.8019  1.80456
 4 110  200  19.0717  3.28247
 4 110  250  19.0183  3.33023
 4 110  300  19.0018  3.26342
 4 110  350  18.9273  3.10907
 4 110  400  18.9783  2.98473
 4 110  450  18.9475  2.93517
 4 110  500  18.9421  2.85495
 4 110  50  18.9711  4.18126
 4 110  550  18.9177  3.02588
 4 110  600  18.8772  2.69678
 4 110  650  18.8771  2.64809
 4 110  700  18.897  2.58274
 4 110  750  18.8247  2.54319
 4 110  800  18.864  2.54175
 4 110  850  18.8513  2.41212
 4 110  900  18.8993  3.00259
 4 110  950  18.8473  2.32433
 4 115  1000  10.9042  2.44493
 4 115  100  11.3412  3.76844
 4 115  1050  10.8877  2.27025
 4 115  1100  10.8848  2.36009
 4 115  1150  10.8684  2.62462
 4 115  1200  10.8744  2.34441
 4 115  1250  10.8374  2.23749
 4 115  1300  10.8504  2.09992
 4 115  1350  10.8318  2.09514
 4 115  1400  10.8416  2.05273
 4 115  1450  10.827  2.60627
 4 115  1500  10.8132  1.93919
 4 115  150  11.2413  3.47854
 4 115  1550  10.8502  2.2968
 4 115  1600  10.8217  2.01552
 4 115  200  11.1027  3.34024
 4 115  250  11.1113  3.68791
 4 115  300  11.0573  3.09836
 4 115  350  11.0282  3.11713
 4 115  400  11.0363  3.09986
 4 115  450  10.9775  3.17295
 4 115  500  10.9638  2.85612
 4 115  50  11.5465  4.44514
 4 115  550  11.0191  2.82744
 4 115  600  10.9715  2.96546
 4 115  650  10.9684  2.68154
 4 115  700  10.9241  2.57658
 4 115  750  10.9431  2.82269
 4 115  800  10.9211  3.04501
 4 115  850  10.9163  2.96654
 4 115  900  10.9287  2.56229
 4 115  950  10.9056  3.03397
 4 15  1000  310.136  8.76349
 4 15  100  305.005  9.09439
 4 15  1050  309.549  8.82413
 4 15  1100  309.955  8.93151
 4 15  1150  309.69  8.52091
 4 15  1200  310.108  8.82757
 4 15  1250  309.758  8.75897
 4 15  1300  310.165  9.03745
 4 15  1350  310.043  9.05949
 4 15  1400  310.448  9.03732
 4 15  1450  310.056  9.20113
 4 15  1500  310.305  8.66667
 4 15  150  305.228  9.37892
 4 15  1550  310.095  8.74922
 4 15  1600  310.221  8.61767
 4 15  200  307.252  8.70919
 4 15  250  306.048  9.38407
 4 15  300  307.034  9.73451
 4 15  350  306.866  9.0324
 4 15  400  307.756  9.09887
 4 15  450  308.57  9.02391
 4 15  500  308.381  9.54083
 4 15  50  298.563  11.5336
 4 15  550  308.89  10.0513
 4 15  600  309.725  9.4062
 4 15  650  309.181  9.74378
 4 15  700  308.534  9.90322
 4 15  750  308.867  8.86344
 4 15  800  309.347  9.12666
 4 15  850  309.625  9.65038
 4 15  900  309.532  8.81902
 4 15  950  310.054  8.94959
 4 20  1000  246.332  8.30009
 4 20  100  241.345  9.64594
 4 20  1050  246.187  8.31042
 4 20  1100  246.603  8.4245
 4 20  1150  246.457  8.15234
 4 20  1200  246.446  8.09946
 4 20  1250  246.557  7.97207
 4 20  1300  246.777  7.99522
 4 20  1350  246.611  8.0015
 4 20  1400  246.792  8.04203
 4 20  1450  246.808  7.93136
 4 20  1500  246.94  7.73156
 4 20  150  243.262  10.1741
 4 20  1550  247.08  7.72883
 4 20  1600  247.037  7.77442
 4 20  200  242.214  9.22353
 4 20  250  244.941  9.81954
 4 20  300  244.142  9.15223
 4 20  350  244.283  9.94131
 4 20  400  244.414  8.67902
 4 20  450  245.553  8.74442
 4 20  500  245.975  8.88015
 4 20  50  240.412  10.5362
 4 20  550  245.4  8.88461
 4 20  600  245.782  8.23596
 4 20  650  245.303  8.56175
 4 20  700  245.955  8.48343
 4 20  750  245.707  8.40645
 4 20  800  245.948  8.56944
 4 20  850  246.213  8.33559
 4 20  900  246.046  8.54409
 4 20  950  246.312  8.41716
 4 30  1000  179.019  6.16533
 4 30  100  176.134  7.88673
 4 30  1050  179.118  6.04745
 4 30  1100  179.167  6.00881
 4 30  1150  179.228  5.97671
 4 30  1200  179.134  5.79807
 4 30  1250  179.269  5.69639
 4 30  1300  179.297  5.65387
 4 30  1350  179.27  5.73348
 4 30  1400  179.306  5.67535
 4 30  1450  179.335  5.58049
 4 30  1500  179.333  5.64657
 4 30  150  176.787  7.73546
 4 30  1550  179.384  5.52419
 4 30  1600  179.446  5.49142
 4 30  200  176.949  7.53929
 4 30  250  177.759  6.9949
 4 30  300  177.939  7.02261
 4 30  350  177.876  6.83429
 4 30  400  178.465  6.79938
 4 30  450  178.417  6.92834
 4 30  500  178.456  6.65978
 4 30  50  174.515  8.93736
 4 30  550  178.674  6.68426
 4 30  600  178.49  6.48987
 4 30  650  178.922  6.51529
 4 30  700  178.78  6.55156
 4 30  750  178.76  6.37302
 4 30  800  179.057  6.1227
 4 30  850  179.039  6.29354
 4 30  900  178.941  6.20443
 4 30  950  179.048  6.12451
 4 40  1000  140.694  4.3016
 4 40  100  138.64  6.56072
 4 40  1050  140.677  4.28966
 4 40  1100  140.811  4.17704
 4 40  1150  140.721  4.12084
 4 40  1200  140.737  4.0712
 4 40  1250  140.773  3.96624
 4 40  1300  140.787  4.00169
 4 40  1350  140.722  3.93455
 4 40  1400  140.745  3.92646
 4 40  1450  140.799  3.85453
 4 40  1500  140.778  3.81531
 4 40  150  139.818  5.8669
 4 40  1550  140.802  3.71126
 4 40  1600  140.823  3.7078
 4 40  200  139.721  5.59978
 4 40  250  139.829  5.40412
 4 40  300  140.144  5.33871
 4 40  350  140.136  5.37531
 4 40  400  140.266  5.19678
 4 40  450  140.371  5.18223
 4 40  500  140.431  4.98708
 4 40  50  138.483  6.72383
 4 40  550  140.536  4.89802
 4 40  600  140.511  4.83914
 4 40  650  140.585  4.73053
 4 40  700  140.539  4.63814
 4 40  750  140.655  4.54755
 4 40  800  140.571  4.58062
 4 40  850  140.633  4.42816
 4 40  900  140.673  4.4316
 4 40  950  140.702  4.40786
 4 50  1000  114.265  3.30672
 4 50  100  113.271  5.08222
 4 50  1050  114.258  3.29855
 4 50  1100  114.277  3.13407
 4 50  1150  114.308  3.11046
 4 50  1200  114.33  3.10538
 4 50  1250  114.305  3.0243
 4 50  1300  114.333  2.97566
 4 50  1350  114.341  2.913
 4 50  1400  114.318  2.84628
 4 50  1450  114.313  2.79853
 4 50  1500  114.317  2.78235
 4 50  150  113.529  4.63834
 4 50  1550  114.349  2.7596
 4 50  1600  114.357  2.69447
 4 50  200  113.682  4.61873
 4 50  250  114.005  4.25398
 4 50  300  113.939  4.27786
 4 50  350  113.987  4.26066
 4 50  400  114.057  4.08816
 4 50  450  114.143  4.03174
 4 50  500  114.129  3.89542
 4 50  50  113.09  6.11601
 4 50  550  114.172  3.82029
 4 50  600  114.232  3.92752
 4 50  650  114.204  3.67983
 4 50  700  114.195  3.64614
 4 50  750  114.258  3.52453
 4 50  800  114.24  3.53043
 4 50  850  114.247  3.41849
 4 50  900  114.269  3.36721
 4 50  950  114.271  3.32095
 4 60  1000  94.0047  2.67001
 4 60  100  93.4878  4.24033
 4 60  1050  94.0244  2.59667
 4 60  1100  94.0298  2.54882
 4 60  1150  94.0446  2.49368
 4 60  1200  94.0203  2.46069
 4 60  1250  94.0158  2.38829
 4 60  1300  94.0459  2.35874
 4 60  1350  94.0583  2.33197
 4 60  1400  94.044  2.30113
 4 60  1450  94.0595  2.25375
 4 60  1500  94.0843  2.18897
 4 60  150  93.588  4.06987
 4 60  1550  94.0565  2.17737
 4 60  1600  94.0714  2.13196
 4 60  200  93.6556  3.7577
 4 60  250  93.8464  3.74668
 4 60  300  93.7944  3.63041
 4 60  350  93.8694  3.5573
 4 60  400  93.9062  3.49183
 4 60  450  93.8436  3.38882
 4 60  500  94.003  3.30598
 4 60  50  93.248  4.67663
 4 60  550  93.8856  3.17963
 4 60  600  93.9778  3.13467
 4 60  650  93.9992  3.07034
 4 60  700  94.0063  3.08803
 4 60  750  94  2.91162
 4 60  800  93.9934  2.86958
 4 60  850  94.0036  2.80131
 4 60  900  94.005  2.74445
 4 60  950  94.0004  2.67473
 4 70  1000  77.1619  2.31227
 4 70  100  76.7737  3.71949
 4 70  1050  77.1592  2.2265
 4 70  1100  77.1805  2.20487
 4 70  1150  77.1675  2.17983
 4 70  1200  77.1818  2.13173
 4 70  1250  77.1639  2.07098
 4 70  1300  77.163  2.0339
 4 70  1350  77.1578  2.00089
 4 70  1400  77.1637  1.96847
 4 70  1450  77.1919  1.92208
 4 70  1500  77.1797  1.89037
 4 70  150  76.9142  3.69316
 4 70  1550  77.1983  2.06667
 4 70  1600  77.1994  1.80637
 4 70  200  76.8999  3.4901
 4 70  250  76.9771  3.31285
 4 70  300  76.9707  3.20946
 4 70  350  77.0712  3.13128
 4 70  400  77.0871  3.02696
 4 70  450  77.0821  2.94555
 4 70  500  77.0562  2.89434
 4 70  50  76.6513  4.14054
 4 70  550  77.1077  2.85322
 4 70  600  77.1077  2.7502
 4 70  650  77.1258  2.72598
 4 70  700  77.1137  2.72018
 4 70  750  77.1559  2.54661
 4 70  800  77.135  2.49576
 4 70  850  77.1511  2.47248
 4 70  900  77.1537  2.41821
 4 70  950  77.133  2.346
 4 80  1000  62.1601  2.1093
 4 80  100  61.9007  3.76849
 4 80  1050  62.1549  2.08073
 4 80  1100  62.1626  2.03822
 4 80  1150  62.165  2.01168
 4 80  1200  62.1803  1.95785
 4 80  1250  62.1558  1.91538
 4 80  1300  62.1799  1.87489
 4 80  1350  62.1873  1.82933
 4 80  1400  62.1674  1.8038
 4 80  1450  62.1895  1.7807
 4 80  1500  62.1763  1.72961
 4 80  150  62.0432  3.35074
 4 80  1550  62.1828  1.68597
 4 80  1600  62.1818  1.65557
 4 80  200  62.0662  3.13427
 4 80  250  62.0495  3.22846
 4 80  300  62.0751  3.00062
 4 80  350  62.1008  2.91247
 4 80  400  62.1136  2.87725
 4 80  450  62.0957  2.78036
 4 80  500  62.1155  2.7514
 4 80  50  62.0546  4.32818
 4 80  550  62.1528  2.61547
 4 80  600  62.1385  2.70196
 4 80  650  62.1541  2.51416
 4 80  700  62.1535  2.48027
 4 80  750  62.11  2.39965
 4 80  800  62.1425  2.3155
 4 80  850  62.1378  2.30453
 4 80  900  62.1569  2.2237
 4 80  950  62.1754  2.15461
 4 90  1000  47.9888  2.08914
 4 90  100  48.0639  3.62029
 4 90  1050  48.0152  2.03376
 4 90  1100  47.9973  1.98891
 4 90  1150  47.9775  1.9326
 4 90  1200  47.9756  1.87736
 4 90  1250  47.9967  1.86826
 4 90  1300  47.9856  1.84192
 4 90  1350  47.9986  1.77204
 4 90  1400  47.989  1.73303
 4 90  1450  47.9914  1.7094
 4 90  1500  47.9822  1.68691
 4 90  150  48.1067  3.54645
 4 90  1550  48.005  1.65946
 4 90  1600  47.9958  1.77731
 4 90  200  47.9604  3.20149
 4 90  250  47.988  3.03084
 4 90  300  48.0282  3.01541
 4 90  350  47.9492  2.86091
 4 90  400  47.9624  2.79951
 4 90  450  47.9737  2.75896
 4 90  500  48.0199  2.65834
 4 90  50  48.2456  3.72251
 4 90  550  47.9874  2.56895
 4 90  600  47.9941  2.51328
 4 90  650  47.9867  2.38188
 4 90  700  47.9846  2.37879
 4 90  750  47.9869  2.32378
 4 90  800  47.9826  2.28122
 4 90  850  47.9972  2.21165
 4 90  900  47.9829  2.16462
 4 90  950  47.9886  2.1163
