x z      bx bz     nx        nz
0 185.42 0 -2.1693 -0.329084 0.0026648
0 187.96 0 -2.1707 -0.328728 0.00171212
0 190.5 0 -2.172 -0.328255 0.00274683
0 193.04 0 -2.1732 -0.329262 0.00107786
0 195.58 0 -2.1744 -0.327918 0.00316091
0 198.12 0 -2.1756 -0.329265 0.0001398
0 200.66 0 -2.1768 -0.328746 0.000510428
0 203.2 0 -2.178 -0.328697 0.00166492
0 205.74 0 -2.1792 -0.328786 0.000832407
0 208.28 0 -2.1804 -0.328308 0.00307156
0 236.22 0 -2.1954 -0.32853 0.00159554
0 238.76 0 -2.1968 -0.328409 0.000868123
0 241.3 0 -2.1982 -0.329665 0.000880507
0 243.84 0 -2.1996 -0.3283 0.00314727
0 246.38 0 -2.2009 -0.329458 0.000588051
0 248.92 0 -2.2021 -0.328985 0.00214527
0 251.46 0 -2.2033 -0.328567 0.000981199
0 254 0 -2.2044 -0.329201 -0.000718847
0 256.54 0 -2.2053 -0.328461 0.00211502
0 259.08 0 -2.2061 -0.328649 0.0020899
0 287.02 0 -2.1943 -0.329354 0.000558987
0 289.56 0 -2.1898 -0.328293 0.000954994
0 292.1 0 -2.1844 -0.3303 -0.00149951
0 294.64 0 -2.1781 -0.328231 0.00126558
0 297.18 0 -2.1707 -0.328245 0.00249279
0 299.72 0 -2.1621 -0.3297 -0.00111246
0 302.26 0 -2.1522 -0.32879 0.000754303
0 304.8 0 -2.141 -0.329525 0.00205771
0 307.34 0 -2.1285 -0.328376 0.000242075
0 309.88 0 -2.1144 -0.329288 2.63933e-05
0 337.82 0 -1.8464 -0.290528 0.000798023
0 340.36 0 -1.8115 -0.284389 0.0025546
0 342.9 0 -1.775 -0.279045 0.00178621
0 345.44 0 -1.737 -0.272813 0.000446058
0 347.98 0 -1.6975 -0.267716 8.07147e-05
0 350.52 0 -1.6567 -0.260793 0.00035154
0 353.06 0 -1.6147 -0.253675 0.00199642
0 355.6 0 -1.5716 -0.247962 0.000826286
0 358.14 0 -1.5275 -0.240475 0.00180764
0 360.68 0 -1.4826 -0.233539 0.00175346
2.54 185.42 0.00071897 -2.1693 -0.328215 0.00218134
2.54 187.96 0.00067458 -2.1707 -0.329632 -0.00111648
2.54 190.5 0.00063973 -2.172 -0.32834 0.00264417
2.54 193.04 0.00061402 -2.1732 -0.328517 0.00195644
2.54 195.58 0.00059685 -2.1745 -0.329642 -0.000397943
2.54 198.12 0.00058746 -2.1756 -0.328568 0.00107213
2.54 200.66 0.00058495 -2.1768 -0.327714 0.00205947
2.54 203.2 0.00058833 -2.178 -0.329252 -0.000658485
2.54 205.74 0.00059652 -2.1792 -0.328364 0.00139124
2.54 208.28 0.00060841 -2.1804 -0.329685 -6.4242e-05
2.54 236.22 0.00071533 -2.1954 -0.329616 -0.00232022
2.54 238.76 0.00070563 -2.1968 -0.329136 0.000484546
2.54 241.3 0.00069062 -2.1982 -0.328917 0.00168079
2.54 243.84 0.00066974 -2.1996 -0.329059 0.00114947
2.54 246.38 0.0006423 -2.2009 -0.329194 0.000245946
2.54 248.92 0.00060745 -2.2021 -0.328364 0.0013907
2.54 251.46 0.00056413 -2.2033 -0.32882 0.00138526
2.54 254 0.00051107 -2.2044 -0.328804 0.000281064
2.54 256.54 0.00044676 -2.2054 -0.329398 -6.4791e-05
2.54 259.08 0.00036945 -2.2062 -0.329656 -0.000938335
2.54 287.02 -0.0020254 -2.1945 -0.328769 0.00196614
2.54 289.56 -0.0024505 -2.19 -0.328281 0.00230954
2.54 292.1 -0.0029193 -2.1847 -0.32836 0.00256806
2.54 294.64 -0.0034327 -2.1783 -0.328927 0.00243826
2.54 297.18 -0.0039911 -2.1709 -0.32839 0.00186072
2.54 299.72 -0.0045943 -2.1624 -0.328892 0.000101118
2.54 302.26 -0.0052414 -2.1526 -0.328772 0.00173104
2.54 304.8 -0.0059312 -2.1414 -0.328103 0.0026387
2.54 307.34 -0.0066614 -2.1288 -0.328407 0.00171403
2.54 309.88 -0.0074294 -2.1148 -0.329009 0.00269133
2.54 337.82 -0.01704 -1.8468 -0.289862 0.00313352
2.54 340.36 -0.017862 -1.8119 -0.285524 0.00371511
2.54 342.9 -0.018648 -1.7754 -0.278165 0.00304109
2.54 345.44 -0.01939 -1.7373 -0.273279 0.0036689
2.54 347.98 -0.020083 -1.6978 -0.266664 0.00464789
2.54 350.52 -0.020721 -1.657 -0.261381 0.00470604
2.54 353.06 -0.021299 -1.6149 -0.255535 0.00404611
2.54 355.6 -0.021812 -1.5718 -0.249479 0.00334573
2.54 358.14 -0.022257 -1.5277 -0.239908 0.0048068
2.54 360.68 -0.02263 -1.4828 -0.235484 0.00347232
5.08 185.42 0.0014306 -2.1694 -0.329856 -0.00106575
5.08 187.96 0.001342 -2.1707 -0.329221 -0.000353847
5.08 190.5 0.0012726 -2.172 -0.327541 0.00163279
5.08 193.04 0.0012216 -2.1733 -0.329382 -0.000747291
5.08 195.58 0.0011878 -2.1745 -0.328433 0.0010369
5.08 198.12 0.0011697 -2.1756 -0.329208 0.000175622
5.08 200.66 0.0011655 -2.1768 -0.3291 0.00117131
5.08 203.2 0.001173 -2.178 -0.328665 -0.000259431
5.08 205.74 0.0011903 -2.1791 -0.329324 -0.000212382
5.08 208.28 0.0012149 -2.1803 -0.328686 0.00137686
5.08 236.22 0.0014343 -2.1954 -0.328586 0.0020599
5.08 238.76 0.0014152 -2.1968 -0.3295 -0.000179996
5.08 241.3 0.0013856 -2.1982 -0.3282 0.00124215
5.08 243.84 0.0013444 -2.1996 -0.328409 0.00158774
5.08 246.38 0.0012901 -2.2009 -0.329636 -0.000108976
5.08 248.92 0.0012212 -2.2022 -0.328873 0.000624873
5.08 251.46 0.0011355 -2.2034 -0.328799 0.0014965
5.08 254 0.0010306 -2.2045 -0.328193 0.00221275
5.08 256.54 0.00090325 -2.2055 -0.32955 -0.00140861
5.08 259.08 0.00075011 -2.2063 -0.329064 0.00102915
5.08 287.02 -0.004019 -2.1951 -0.328931 0.00235469
5.08 289.56 -0.0048682 -2.1907 -0.328409 0.00114858
5.08 292.1 -0.0058051 -2.1854 -0.329514 0.00127273
5.08 294.64 -0.0068316 -2.1792 -0.329184 0.00341892
5.08 297.18 -0.0079485 -2.1718 -0.32888 0.00180581
5.08 299.72 -0.0091555 -2.1633 -0.329416 0.000320236
5.08 302.26 -0.010451 -2.1536 -0.329509 0.00164747
5.08 304.8 -0.011832 -2.1425 -0.328677 0.00326233
5.08 307.34 -0.013294 -2.13 -0.329485 0.00207485
5.08 309.88 -0.014833 -2.1159 -0.328175 0.00420457
5.08 337.82 -0.034102 -1.8481 -0.289565 0.00852271
5.08 340.36 -0.035753 -1.8131 -0.284771 0.00687938
5.08 342.9 -0.037329 -1.7765 -0.277947 0.00943078
5.08 345.44 -0.038818 -1.7384 -0.274085 0.00650138
5.08 347.98 -0.040208 -1.6988 -0.266667 0.00820295
5.08 350.52 -0.041487 -1.6579 -0.261524 0.00695736
5.08 353.06 -0.042646 -1.6158 -0.255156 0.00772476
5.08 355.6 -0.043675 -1.5725 -0.248069 0.00820116
5.08 358.14 -0.044567 -1.5283 -0.24075 0.00869761
5.08 360.68 -0.045316 -1.4833 -0.23364 0.00872476
7.62 185.42 0.0021274 -2.1695 -0.328849 -0.000910709
7.62 187.96 0.0019949 -2.1708 -0.328806 5.97255e-05
7.62 190.5 0.0018916 -2.1721 -0.328647 -0.000374403
7.62 193.04 0.0018162 -2.1733 -0.32902 0.000747067
7.62 195.58 0.001767 -2.1745 -0.329199 0.000704372
7.62 198.12 0.0017416 -2.1757 -0.32944 -0.00139721
7.62 200.66 0.0017371 -2.1768 -0.329029 0.000262533
7.62 203.2 0.0017505 -2.178 -0.328683 0.00121442
7.62 205.74 0.0017784 -2.1791 -0.330392 -0.00179127
7.62 208.28 0.0018175 -2.1803 -0.329053 0.00158788
7.62 236.22 0.0021604 -2.1954 -0.328835 -0.000369307
7.62 238.76 0.0021327 -2.1969 -0.328206 0.00199209
7.62 241.3 0.0020893 -2.1983 -0.33004 -0.000492635
7.62 243.84 0.0020287 -2.1997 -0.329384 -0.000602113
7.62 246.38 0.0019489 -2.201 -0.328801 0.000816544
7.62 248.92 0.0018475 -2.2023 -0.329223 -0.000428923
7.62 251.46 0.0017214 -2.2035 -0.328035 0.00191109
7.62 254 0.0015667 -2.2046 -0.328568 0.00126759
7.62 256.54 0.001379 -2.2056 -0.328561 0.00151397
7.62 259.08 0.0011531 -2.2065 -0.3286 0.00150061
7.62 287.02 -0.0059488 -2.1961 -0.328737 0.00345975
7.62 289.56 -0.00722 -2.1918 -0.328972 0.00323531
7.62 292.1 -0.0086236 -2.1866 -0.329279 0.000309301
7.62 294.64 -0.010163 -2.1805 -0.329574 0.00277854
7.62 297.18 -0.011838 -2.1733 -0.329189 0.00286848
7.62 299.72 -0.01365 -2.1649 -0.328727 0.0040729
7.62 302.26 -0.015596 -2.1552 -0.328781 0.00185373
7.62 304.8 -0.017671 -2.1443 -0.328463 0.00462756
7.62 307.34 -0.01987 -2.1318 -0.328733 0.00306746
7.62 309.88 -0.022184 -2.1179 -0.328832 0.00535129
7.62 337.82 -0.051211 -1.8502 -0.290364 0.0100446
7.62 340.36 -0.053699 -1.8151 -0.283634 0.0105521
7.62 342.9 -0.056075 -1.7784 -0.279393 0.00917768
7.62 345.44 -0.05832 -1.7402 -0.273 0.0117272
7.62 347.98 -0.060415 -1.7005 -0.267351 0.0110304
7.62 350.52 -0.062344 -1.6594 -0.260196 0.0115947
7.62 353.06 -0.06409 -1.6171 -0.255679 0.0106553
7.62 355.6 -0.065642 -1.5737 -0.247885 0.0118012
7.62 358.14 -0.066986 -1.5294 -0.240449 0.011766
7.62 360.68 -0.068113 -1.4841 -0.234795 0.0128988
10.16 185.42 0.0028017 -2.1697 -0.329073 -0.000195104
10.16 187.96 0.0026257 -2.171 -0.328698 0.00123299
10.16 190.5 0.0024894 -2.1722 -0.328599 0.00196673
10.16 193.04 0.0023912 -2.1734 -0.32965 -0.00133578
10.16 195.58 0.0023283 -2.1745 -0.328421 0.0014857
10.16 198.12 0.0022977 -2.1757 -0.329484 -0.00120977
10.16 200.66 0.0022953 -2.1768 -0.329944 -0.00128144
10.16 203.2 0.002317 -2.1779 -0.329089 0.00199936
10.16 205.74 0.0023583 -2.1791 -0.329365 0.000379368
10.16 208.28 0.0024143 -2.1803 -0.329369 -0.00105702
10.16 236.22 0.0028973 -2.1954 -0.328838 0.00107534
10.16 238.76 0.0028618 -2.1969 -0.32927 -0.000285132
10.16 241.3 0.0028058 -2.1983 -0.329772 -0.00109799
10.16 243.84 0.0027273 -2.1997 -0.328666 0.00135222
10.16 246.38 0.0026238 -2.2011 -0.329818 -0.00119364
10.16 248.92 0.0024922 -2.2024 -0.328745 0.000444685
10.16 251.46 0.0023284 -2.2037 -0.329274 -0.00156699
10.16 254 0.0021274 -2.2048 -0.328543 0.00210876
10.16 256.54 0.0018834 -2.2059 -0.328371 -0.000465909
10.16 259.08 0.0015891 -2.2068 -0.327976 0.00183794
10.16 287.02 -0.0077823 -2.1975 -0.328161 0.00336831
10.16 289.56 -0.009472 -2.1934 -0.328014 0.00428775
10.16 292.1 -0.01134 -2.1884 -0.328526 0.000422762
10.16 294.64 -0.013391 -2.1824 -0.32805 0.00303763
10.16 297.18 -0.015625 -2.1753 -0.329096 0.00224744
10.16 299.72 -0.018044 -2.1671 -0.329152 0.00331593
10.16 302.26 -0.020643 -2.1576 -0.328412 0.00363551
10.16 304.8 -0.023418 -2.1467 -0.328403 0.00669774
10.16 307.34 -0.026359 -2.1345 -0.329647 0.00355522
10.16 309.88 -0.029456 -2.1207 -0.329322 0.00480483
10.16 337.82 -0.068388 -1.8532 -0.289764 0.0139301
10.16 340.36 -0.07173 -1.818 -0.285484 0.01229
10.16 342.9 -0.074921 -1.7812 -0.278883 0.0142536
10.16 345.44 -0.077935 -1.7427 -0.273662 0.0144087
10.16 347.98 -0.080748 -1.7029 -0.267254 0.0146004
10.16 350.52 -0.083337 -1.6616 -0.260785 0.0146594
10.16 353.06 -0.085682 -1.6191 -0.254695 0.0148112
10.16 355.6 -0.087764 -1.5754 -0.248137 0.0150118
10.16 358.14 -0.089567 -1.5308 -0.242542 0.015272
10.16 360.68 -0.091078 -1.4853 -0.234252 0.0159171
12.7 185.42 0.0034452 -2.1699 -0.328997 8.7918e-05
12.7 187.96 0.0032265 -2.1712 -0.328215 0.000841235
12.7 190.5 0.0030586 -2.1724 -0.328615 0.00092216
12.7 193.04 0.0029393 -2.1735 -0.329058 -0.000257041
12.7 195.58 0.0028653 -2.1746 -0.329265 7.48469e-06
12.7 198.12 0.0028324 -2.1757 -0.329796 -0.000533608
12.7 200.66 0.0028354 -2.1768 -0.328642 7.48389e-05
12.7 203.2 0.0028689 -2.1779 -0.329679 -0.00159316
12.7 205.74 0.002927 -2.179 -0.327883 0.0026581
12.7 208.28 0.0030036 -2.1802 -0.328687 0.000980932
12.7 236.22 0.0036484 -2.1955 -0.328762 -0.00124266
12.7 238.76 0.0036063 -2.1969 -0.328707 -0.0003409
12.7 241.3 0.003539 -2.1984 -0.328097 0.000647096
12.7 243.84 0.0034445 -2.1998 -0.32931 -0.000484535
12.7 246.38 0.0033196 -2.2012 -0.329366 0.00105068
12.7 248.92 0.0031608 -2.2026 -0.329684 -0.00138574
12.7 251.46 0.002963 -2.2039 -0.3282 0.00170565
12.7 254 0.0027202 -2.2051 -0.329983 -0.000768726
12.7 256.54 0.002425 -2.2062 -0.329645 0.000682522
12.7 259.08 0.0020685 -2.2072 -0.329584 -0.000579698
12.7 287.02 -0.009486 -2.1993 -0.328739 0.00197573
12.7 289.56 -0.01159 -2.1954 -0.328944 0.00333671
12.7 292.1 -0.013919 -2.1906 -0.328762 0.00344484
12.7 294.64 -0.01648 -2.1848 -0.328372 0.0041876
12.7 297.18 -0.019274 -2.1779 -0.328014 0.00394149
12.7 299.72 -0.022302 -2.1699 -0.329714 0.00258837
12.7 302.26 -0.025559 -2.1606 -0.328902 0.00416147
12.7 304.8 -0.029038 -2.15 -0.329067 0.0049994
12.7 307.34 -0.03273 -2.1379 -0.328079 0.00748771
12.7 309.88 -0.036621 -2.1242 -0.328817 0.00650581
12.7 337.82 -0.085659 -1.857 -0.292308 0.0157762
12.7 340.36 -0.089873 -1.8217 -0.28576 0.0164331
12.7 342.9 -0.093899 -1.7847 -0.278371 0.0163056
12.7 345.44 -0.097701 -1.746 -0.27388 0.0171717
12.7 347.98 -0.10125 -1.7059 -0.268132 0.017406
12.7 350.52 -0.10452 -1.6644 -0.260454 0.0182629
12.7 353.06 -0.10747 -1.6216 -0.2552 0.0186991
12.7 355.6 -0.1101 -1.5776 -0.248385 0.0198289
12.7 358.14 -0.11237 -1.5327 -0.241058 0.0189241
12.7 360.68 -0.11427 -1.4869 -0.236079 0.0200441
15.24 185.42 0.0040493 -2.1702 -0.329126 0.00106539
15.24 187.96 0.0037887 -2.1714 -0.328266 0.00188738
15.24 190.5 0.0035909 -2.1725 -0.329047 0.00151821
15.24 193.04 0.0034532 -2.1736 -0.328978 0.000778837
15.24 195.58 0.0033713 -2.1747 -0.328737 0.000650747
15.24 198.12 0.0033398 -2.1757 -0.328638 -8.93258e-06
15.24 200.66 0.0033525 -2.1768 -0.329896 -0.00140935
15.24 203.2 0.0034023 -2.1778 -0.328893 -0.0011337
15.24 205.74 0.0034819 -2.1789 -0.32879 0.00109642
15.24 208.28 0.0035836 -2.1801 -0.329672 -0.00120511
15.24 236.22 0.0044169 -2.1955 -0.329153 -0.000855697
15.24 238.76 0.0043694 -2.197 -0.328509 0.000984711
15.24 241.3 0.0042925 -2.1985 -0.32979 -0.00130691
15.24 243.84 0.0041839 -2.2 -0.328466 -0.00113349
15.24 246.38 0.0040406 -2.2014 -0.329013 -0.000850226
15.24 248.92 0.0038581 -2.2028 -0.329846 -0.000335708
15.24 251.46 0.0036309 -2.2041 -0.328253 0.00175452
15.24 254 0.0033518 -2.2053 -0.328248 0.00219476
15.24 256.54 0.0030121 -2.2065 -0.32829 0.000313213
15.24 259.08 0.0026011 -2.2076 -0.327904 -0.000264126
15.24 287.02 -0.011026 -2.2015 -0.32768 0.0024582
15.24 289.56 -0.013537 -2.1978 -0.32983 0.00321895
15.24 292.1 -0.016324 -2.1932 -0.327857 0.00455732
15.24 294.64 -0.019393 -2.1877 -0.328607 0.00328019
15.24 297.18 -0.022747 -2.1811 -0.328236 0.00539774
15.24 299.72 -0.026386 -2.1734 -0.329151 0.00300557
15.24 302.26 -0.030306 -2.1643 -0.32827 0.00490213
15.24 304.8 -0.034499 -2.1539 -0.327966 0.00804008
15.24 307.34 -0.038952 -2.1421 -0.329096 0.00823507
15.24 309.88 -0.043648 -2.1286 -0.327888 0.0101902
15.24 337.82 -0.10305 -1.8618 -0.291155 0.0194804
15.24 340.36 -0.10816 -1.8262 -0.286255 0.0198789
15.24 342.9 -0.11304 -1.789 -0.27984 0.0208689
15.24 345.44 -0.11766 -1.7501 -0.275334 0.019643
15.24 347.98 -0.12196 -1.7097 -0.268953 0.020946
15.24 350.52 -0.12593 -1.6678 -0.261562 0.0216839
15.24 353.06 -0.12951 -1.6247 -0.255766 0.0223606
15.24 355.6 -0.13269 -1.5803 -0.249342 0.0227164
15.24 358.14 -0.13545 -1.535 -0.241223 0.023906
15.24 360.68 -0.13775 -1.4888 -0.232562 0.0246748
17.78 185.42 0.0046045 -2.1705 -0.329175 -0.000419069
17.78 187.96 0.004303 -2.1716 -0.328707 0.000712506
17.78 190.5 0.0040776 -2.1727 -0.32811 0.000338174
17.78 193.04 0.0039247 -2.1737 -0.329174 0.000749851
17.78 195.58 0.003839 -2.1747 -0.329963 -0.00180555
17.78 198.12 0.0038139 -2.1757 -0.328483 0.00242523
17.78 200.66 0.0038415 -2.1767 -0.329771 -0.00162866
17.78 203.2 0.0039134 -2.1778 -0.330108 0.00105314
17.78 205.74 0.0040202 -2.1788 -0.328871 1.49399e-05
17.78 208.28 0.0041527 -2.18 -0.327807 0.00145843
17.78 236.22 0.005206 -2.1955 -0.328523 0.000882109
17.78 238.76 0.0051542 -2.1971 -0.328109 -0.0014538
17.78 241.3 0.0050693 -2.1986 -0.329926 -0.00172796
17.78 243.84 0.004949 -2.2001 -0.329307 -0.00137107
17.78 246.38 0.0047902 -2.2016 -0.328604 0.000602357
17.78 248.92 0.0045882 -2.203 -0.329486 -0.00138279
17.78 251.46 0.0043369 -2.2044 -0.329157 -0.000252519
17.78 254 0.0040282 -2.2057 -0.330464 -0.00199412
17.78 256.54 0.0036518 -2.2069 -0.330107 -0.00106609
17.78 259.08 0.0031955 -2.208 -0.328146 0.00151757
17.78 287.02 -0.012365 -2.2041 -0.328506 0.000534913
17.78 289.56 -0.015277 -2.2007 -0.330093 0.00155955
17.78 292.1 -0.018516 -2.1964 -0.329675 0.00234627
17.78 294.64 -0.02209 -2.1912 -0.328295 0.00543897
17.78 297.18 -0.026003 -2.1849 -0.32941 0.00392025
17.78 299.72 -0.030257 -2.1775 -0.32826 0.00789189
17.78 302.26 -0.034846 -2.1687 -0.328555 0.00663753
17.78 304.8 -0.039761 -2.1586 -0.32809 0.00805549
17.78 307.34 -0.044988 -2.147 -0.32863 0.00890374
17.78 309.88 -0.050507 -2.1339 -0.327899 0.010127
17.78 337.82 -0.12057 -1.8674 -0.292808 0.0199402
17.78 340.36 -0.12662 -1.8317 -0.287978 0.022102
17.78 342.9 -0.13239 -1.7942 -0.281009 0.0227576
17.78 345.44 -0.13785 -1.755 -0.27584 0.0231275
17.78 347.98 -0.14294 -1.7142 -0.26838 0.0241044
17.78 350.52 -0.14762 -1.6719 -0.262605 0.0249973
17.78 353.06 -0.15186 -1.6284 -0.257977 0.024415
17.78 355.6 -0.15561 -1.5836 -0.248348 0.0280207
17.78 358.14 -0.15886 -1.5377 -0.242407 0.0264905
17.78 360.68 -0.16158 -1.491 -0.233993 0.0281861
20.32 185.42 0.0051001 -2.1708 -0.32859 0.0016743
20.32 187.96 0.0047593 -2.1719 -0.328222 0.00208745
20.32 190.5 0.0045091 -2.1729 -0.3289 0.000903287
20.32 193.04 0.0043449 -2.1738 -0.328617 -0.000405734
20.32 195.58 0.0042605 -2.1748 -0.328429 0.000987744
20.32 198.12 0.0042478 -2.1757 -0.329012 -0.00163325
20.32 200.66 0.0042971 -2.1766 -0.329786 -0.00156489
20.32 203.2 0.004398 -2.1776 -0.329243 -0.0010545
20.32 205.74 0.0045394 -2.1787 -0.328961 -0.000864674
20.32 208.28 0.0047098 -2.1798 -0.329041 -0.000382823
20.32 236.22 0.0060187 -2.1956 -0.328689 0.000264662
20.32 238.76 0.0059636 -2.1971 -0.328424 0.000904444
20.32 241.3 0.005872 -2.1987 -0.329138 -0.00126944
20.32 243.84 0.0057422 -2.2002 -0.328996 -0.00187731
20.32 246.38 0.0055712 -2.2017 -0.331287 -0.00299168
20.32 248.92 0.0053543 -2.2032 -0.328655 -0.00106767
20.32 251.46 0.0050848 -2.2047 -0.329616 0.000957496
20.32 254 0.004754 -2.206 -0.328717 0.000736009
20.32 256.54 0.0043503 -2.2073 -0.327973 0.00211812
20.32 259.08 0.0038596 -2.2086 -0.328505 0.000494122
20.32 287.02 -0.013467 -2.207 -0.329047 0.000694772
20.32 289.56 -0.01677 -2.2039 -0.329474 0.00192344
20.32 292.1 -0.020454 -2.2001 -0.327824 0.0047978
20.32 294.64 -0.024529 -2.1952 -0.328645 0.00438404
20.32 297.18 -0.029002 -2.1893 -0.328555 0.00460879
20.32 299.72 -0.033874 -2.1822 -0.328296 0.00605435
20.32 302.26 -0.039139 -2.1738 -0.329491 0.00540908
20.32 304.8 -0.044788 -2.1641 -0.328286 0.00886108
20.32 307.34 -0.050803 -2.1528 -0.328258 0.00983539
20.32 309.88 -0.057162 -2.14 -0.327855 0.0115608
20.32 337.82 -0.13827 -1.8741 -0.293215 0.0240365
20.32 340.36 -0.14528 -1.8381 -0.287702 0.0249811
20.32 342.9 -0.15198 -1.8003 -0.281372 0.0257904
20.32 345.44 -0.15831 -1.7607 -0.276411 0.0267991
20.32 347.98 -0.16422 -1.7195 -0.270175 0.0279224
20.32 350.52 -0.16965 -1.6768 -0.26393 0.0281437
20.32 353.06 -0.17457 -1.6327 -0.256704 0.0297868
20.32 355.6 -0.17892 -1.5874 -0.249861 0.030795
20.32 358.14 -0.18268 -1.541 -0.241754 0.031654
20.32 360.68 -0.18582 -1.4937 -0.235468 0.0301254
22.86 185.42 0.0055247 -2.1712 -0.327865 0.00158908
22.86 187.96 0.0051462 -2.1722 -0.328508 0.00141672
22.86 190.5 0.0048745 -2.1731 -0.329287 -0.00170214
22.86 193.04 0.0047042 -2.174 -0.32947 -0.000527547
22.86 195.58 0.0046274 -2.1748 -0.328059 0.00178339
22.86 198.12 0.0046344 -2.1757 -0.329194 -0.00166417
22.86 200.66 0.0047136 -2.1766 -0.329152 -0.000320174
22.86 203.2 0.0048522 -2.1775 -0.329947 -0.00173537
22.86 205.74 0.0050368 -2.1785 -0.329346 -0.000485587
22.86 208.28 0.0052538 -2.1796 -0.32791 -0.000615653
22.86 236.22 0.0068577 -2.1956 -0.328692 -0.00073134
22.86 238.76 0.0067997 -2.1972 -0.328729 -0.000122677
22.86 241.3 0.0067025 -2.1988 -0.329124 0.000687443
22.86 243.84 0.0065652 -2.2004 -0.328389 -0.000394262
22.86 246.38 0.0063851 -2.2019 -0.329823 -0.0015876
22.86 248.92 0.006158 -2.2035 -0.328379 0.0013531
22.86 251.46 0.0058771 -2.205 -0.329638 -0.000515246
22.86 254 0.0055326 -2.2064 -0.329078 -0.00149694
22.86 256.54 0.0051121 -2.2078 -0.328692 0.000931803
22.86 259.08 0.0045997 -2.2091 -0.329044 -0.00105041
22.86 287.02 -0.014293 -2.2103 -0.328362 0.00304843
22.86 289.56 -0.017974 -2.2076 -0.329461 0.00155098
22.86 292.1 -0.022094 -2.2042 -0.329128 0.00522386
22.86 294.64 -0.026666 -2.1997 -0.329136 0.00647228
22.86 297.18 -0.031698 -2.1943 -0.32832 0.00642317
22.86 299.72 -0.037191 -2.1876 -0.327955 0.00795669
22.86 302.26 -0.043141 -2.1797 -0.329419 0.0055316
22.86 304.8 -0.049535 -2.1703 -0.32775 0.0106016
22.86 307.34 -0.056355 -2.1594 -0.328374 0.0112529
22.86 309.88 -0.063576 -2.1469 -0.327871 0.0122369
22.86 337.82 -0.15616 -1.8818 -0.294521 0.0276364
22.86 340.36 -0.16418 -1.8455 -0.288822 0.029198
22.86 342.9 -0.17185 -1.8072 -0.283475 0.0283177
22.86 345.44 -0.1791 -1.7672 -0.276629 0.030274
22.86 347.98 -0.18586 -1.7256 -0.269961 0.0306458
22.86 350.52 -0.19208 -1.6823 -0.264253 0.0325954
22.86 353.06 -0.1977 -1.6376 -0.256881 0.0337916
22.86 355.6 -0.20268 -1.5917 -0.249946 0.0348275
22.86 358.14 -0.20697 -1.5447 -0.242838 0.0356538
22.86 360.68 -0.21056 -1.4967 -0.235136 0.0359554
25.4 185.42 0.0058649 -2.1717 -0.328759 3.11997e-05
25.4 187.96 0.0054509 -2.1725 -0.328791 -0.000559081
25.4 190.5 0.0051619 -2.1733 -0.328476 0.00175984
25.4 193.04 0.0049915 -2.1741 -0.329931 -0.000349225
25.4 195.58 0.00493 -2.1748 -0.329267 0.000745113
25.4 198.12 0.0049658 -2.1756 -0.329541 -0.00187336
25.4 200.66 0.0050848 -2.1764 -0.328684 0.00103887
25.4 203.2 0.0052716 -2.1773 -0.328469 -0.00100892
25.4 205.74 0.0055101 -2.1783 -0.327923 0.000730347
25.4 208.28 0.005784 -2.1793 -0.328963 0.000366568
25.4 236.22 0.0077256 -2.1956 -0.328453 0.000686969
25.4 238.76 0.0076643 -2.1973 -0.328009 -0.000162612
25.4 241.3 0.0075619 -2.1989 -0.328539 0.00025138
25.4 243.84 0.0074184 -2.2006 -0.328544 0.000888374
25.4 246.38 0.0072324 -2.2022 -0.329601 -0.00117151
25.4 248.92 0.0069999 -2.2037 -0.329287 -0.000742575
25.4 251.46 0.0067143 -2.2053 -0.329135 0.00043825
25.4 254 0.0063657 -2.2068 -0.328532 0.00109742
25.4 256.54 0.0059402 -2.2083 -0.327451 0.00078116
25.4 259.08 0.0054205 -2.2097 -0.328164 0.00204539
25.4 287.02 -0.014799 -2.2139 -0.328713 0.00419829
25.4 289.56 -0.018845 -2.2117 -0.329142 0.00465562
25.4 292.1 -0.023391 -2.2087 -0.328691 0.00616652
25.4 294.64 -0.028453 -2.2048 -0.328282 0.0043164
25.4 297.18 -0.034042 -2.1998 -0.330278 0.00514353
25.4 299.72 -0.04016 -2.1937 -0.329453 0.00623015
25.4 302.26 -0.046802 -2.1862 -0.329615 0.00737413
25.4 304.8 -0.053956 -2.1773 -0.32854 0.0096463
25.4 307.34 -0.061601 -2.1669 -0.327534 0.011859
25.4 309.88 -0.069708 -2.1548 -0.328075 0.0129838
25.4 337.82 -0.17426 -1.8905 -0.296438 0.0294566
25.4 340.36 -0.18336 -1.8538 -0.290344 0.0305273
25.4 342.9 -0.19204 -1.8152 -0.284419 0.0328295
25.4 345.44 -0.20025 -1.7747 -0.279665 0.0342095
25.4 347.98 -0.20791 -1.7325 -0.271654 0.0354371
25.4 350.52 -0.21495 -1.6886 -0.265342 0.0362551
25.4 353.06 -0.22132 -1.6433 -0.258611 0.0374269
25.4 355.6 -0.22695 -1.5967 -0.250973 0.0385288
25.4 358.14 -0.23181 -1.5489 -0.243522 0.0392043
25.4 360.68 -0.23585 -1.5001 -0.23515 0.0390784
27.94 185.42 0.0061056 -2.1722 -0.330493 -0.00238498
27.94 187.96 0.0056588 -2.1729 -0.328116 0.00089139
27.94 190.5 0.0053577 -2.1736 -0.328538 0.00018806
27.94 193.04 0.0051945 -2.1742 -0.329151 -0.00112605
27.94 195.58 0.0051578 -2.1748 -0.328827 0.000235418
27.94 198.12 0.0052333 -2.1755 -0.329368 -0.00181739
27.94 200.66 0.0054042 -2.1762 -0.327708 0.000373789
27.94 203.2 0.005652 -2.1771 -0.330595 -0.00251921
27.94 205.74 0.0059572 -2.178 -0.328389 0.000822392
27.94 208.28 0.0063004 -2.179 -0.329702 -0.000657131
27.94 236.22 0.0086247 -2.1957 -0.327803 0.000694364
27.94 238.76 0.0085587 -2.1974 -0.328959 -0.000438958
27.94 241.3 0.0084503 -2.1991 -0.329205 -0.00103425
27.94 243.84 0.0083013 -2.2007 -0.329114 0.000109808
27.94 246.38 0.0081116 -2.2024 -0.328738 0.000585621
27.94 248.92 0.0078784 -2.204 -0.327969 0.000851814
27.94 251.46 0.0075954 -2.2056 -0.32875 -0.00152267
27.94 254 0.0072526 -2.2072 -0.328745 0.000857273
27.94 256.54 0.0068353 -2.2087 -0.328575 0.00113955
27.94 259.08 0.0063245 -2.2103 -0.328947 -0.00153297
27.94 287.02 -0.014943 -2.2179 -0.328944 0.00401356
27.94 289.56 -0.019335 -2.2162 -0.329761 0.000887022
27.94 292.1 -0.024293 -2.2138 -0.329957 0.00471731
27.94 294.64 -0.029837 -2.2104 -0.328309 0.00511626
27.94 297.18 -0.035981 -2.206 -0.32718 0.00760832
27.94 299.72 -0.042727 -2.2004 -0.328279 0.00924687
27.94 302.26 -0.050071 -2.1935 -0.327575 0.0108082
27.94 304.8 -0.058001 -2.1851 -0.32868 0.01049
27.94 307.34 -0.066493 -2.1752 -0.328611 0.0125834
27.94 309.88 -0.075514 -2.1636 -0.329255 0.0115591
27.94 337.82 -0.19262 -1.9003 -0.296934 0.0329745
27.94 340.36 -0.20283 -1.8633 -0.291716 0.0339872
27.94 342.9 -0.2126 -1.8242 -0.285521 0.0366558
27.94 345.44 -0.22183 -1.7832 -0.279023 0.0369861
27.94 347.98 -0.23043 -1.7403 -0.271287 0.0394742
27.94 350.52 -0.23835 -1.6958 -0.26561 0.0405168
27.94 353.06 -0.2455 -1.6497 -0.258675 0.0404207
27.94 355.6 -0.25182 -1.6022 -0.252326 0.0417411
27.94 358.14 -0.25727 -1.5536 -0.244845 0.0426129
27.94 360.68 -0.26179 -1.5039 -0.235052 0.0450646
30.48 185.42 0.0062297 -2.1727 -0.328357 -0.000624354
30.48 187.96 0.0057531 -2.1733 -0.328313 0.00134907
30.48 190.5 0.0054461 -2.1738 -0.328865 -0.000652817
30.48 193.04 0.0052993 -2.1743 -0.327915 -2.87905e-05
30.48 195.58 0.0052988 -2.1748 -0.328557 0.00101123
30.48 198.12 0.0054274 -2.1753 -0.328206 0.00131042
30.48 200.66 0.0056648 -2.176 -0.329421 -0.000947381
30.48 203.2 0.0059889 -2.1767 -0.328857 0.00052547
30.48 205.74 0.0063763 -2.1776 -0.328378 0.000536241
30.48 208.28 0.0068038 -2.1786 -0.329888 -0.00153229
30.48 236.22 0.0095573 -2.1957 -0.328217 0.000295359
30.48 238.76 0.0094834 -2.1975 -0.328695 0.000741876
30.48 241.3 0.0093668 -2.1992 -0.328918 -0.000731039
30.48 243.84 0.0092116 -2.2009 -0.328329 0.000628285
30.48 246.38 0.0090196 -2.2026 -0.329071 0.00066877
30.48 248.92 0.0087897 -2.2042 -0.329278 -0.00217296
30.48 251.46 0.0085165 -2.2059 -0.329994 -0.00175199
30.48 254 0.0081902 -2.2075 -0.329626 -0.00136129
30.48 256.54 0.0077955 -2.2092 -0.329444 -0.000875491
30.48 259.08 0.0073116 -2.2108 -0.328571 0.000596892
30.48 287.02 -0.014675 -2.2222 -0.330057 0.00245358
30.48 289.56 -0.019392 -2.2211 -0.328614 0.00502588
30.48 292.1 -0.024747 -2.2192 -0.328609 0.00493679
30.48 294.64 -0.030763 -2.2165 -0.328763 0.00666479
30.48 297.18 -0.037456 -2.2127 -0.3278 0.00797472
30.48 299.72 -0.044834 -2.2078 -0.329062 0.00609528
30.48 302.26 -0.052891 -2.2015 -0.328257 0.00931593
30.48 304.8 -0.061613 -2.1937 -0.329274 0.00877729
30.48 307.34 -0.070976 -2.1844 -0.329022 0.0119078
30.48 309.88 -0.080943 -2.1734 -0.328619 0.0129828
30.48 337.82 -0.21124 -1.9113 -0.297322 0.0358785
30.48 340.36 -0.22265 -1.8739 -0.292114 0.0376093
30.48 342.9 -0.23356 -1.8343 -0.287149 0.040244
30.48 345.44 -0.24387 -1.7926 -0.280731 0.0404739
30.48 347.98 -0.25349 -1.7491 -0.273329 0.0430545
30.48 350.52 -0.26232 -1.7037 -0.267788 0.0434608
30.48 353.06 -0.27031 -1.6568 -0.260057 0.045802
30.48 355.6 -0.27736 -1.6084 -0.252081 0.0473993
30.48 358.14 -0.28343 -1.5588 -0.244312 0.0478882
30.48 360.68 -0.28845 -1.5082 -0.236062 0.04871
33.02 185.42 0.006217 -2.1733 -0.328075 0.00112674
33.02 187.96 0.0057146 -2.1737 -0.32865 -0.000766665
33.02 190.5 0.0054093 -2.174 -0.328523 0.000468169
33.02 193.04 0.0052897 -2.1743 -0.328927 -0.000631305
33.02 195.58 0.0053393 -2.1747 -0.329753 -0.00175119
33.02 198.12 0.0055372 -2.1751 -0.328884 -0.000760068
33.02 200.66 0.0058589 -2.1757 -0.328535 0.000623971
33.02 203.2 0.0062779 -2.1763 -0.329 -0.00228808
33.02 205.74 0.0067661 -2.1772 -0.32869 -0.00138109
33.02 208.28 0.0072957 -2.1781 -0.32996 -0.00129191
33.02 236.22 0.010525 -2.1958 -0.329616 -0.000315123
33.02 238.76 0.010438 -2.1976 -0.328478 0.000963909
33.02 241.3 0.010309 -2.1993 -0.32865 -0.00259433
33.02 243.84 0.010145 -2.2011 -0.328439 6.13459e-05
33.02 246.38 0.009951 -2.2028 -0.329063 -0.000946163
33.02 248.92 0.0097275 -2.2045 -0.328732 -8.54385e-05
33.02 251.46 0.0094709 -2.2062 -0.329654 0.000640821
33.02 254 0.0091721 -2.2079 -0.328717 0.000246288
33.02 256.54 0.0088154 -2.2096 -0.328954 -0.0010036
33.02 259.08 0.0083787 -2.2113 -0.329204 0.000180452
33.02 287.02 -0.013944 -2.2267 -0.327999 0.00427988
33.02 289.56 -0.01896 -2.2263 -0.329055 0.00201688
33.02 292.1 -0.024692 -2.2251 -0.328366 0.00613137
33.02 294.64 -0.031167 -2.2231 -0.328367 0.00567298
33.02 297.18 -0.038405 -2.22 -0.329468 0.007272
33.02 299.72 -0.046416 -2.2158 -0.327881 0.00920077
33.02 302.26 -0.055196 -2.2103 -0.327759 0.0107674
33.02 304.8 -0.06473 -2.2032 -0.328922 0.00995217
33.02 307.34 -0.074991 -2.1946 -0.329763 0.0106787
33.02 309.88 -0.085939 -2.1841 -0.327735 0.0157716
33.02 337.82 -0.23018 -1.9236 -0.299707 0.0405167
33.02 340.36 -0.24286 -1.8857 -0.293509 0.0412932
33.02 342.9 -0.25498 -1.8455 -0.28863 0.0430989
33.02 345.44 -0.26644 -1.8031 -0.28202 0.0456209
33.02 347.98 -0.27713 -1.7588 -0.275482 0.0472899
33.02 350.52 -0.28696 -1.7126 -0.268513 0.0472808
33.02 353.06 -0.29582 -1.6647 -0.259867 0.0488091
33.02 355.6 -0.30366 -1.6154 -0.253552 0.0507315
33.02 358.14 -0.31038 -1.5647 -0.246217 0.0516955
33.02 360.68 -0.31595 -1.5129 -0.23719 0.0533974
35.56 185.42 0.006044 -2.174 -0.328948 -0.0006645
35.56 187.96 0.0055205 -2.1741 -0.328665 -0.00172647
35.56 190.5 0.0052262 -2.1742 -0.327949 0.000641502
35.56 193.04 0.0051473 -2.1743 -0.328826 0.000941992
35.56 195.58 0.0052639 -2.1745 -0.329943 0.000118822
35.56 198.12 0.0055506 -2.1748 -0.328895 -0.000961507
35.56 200.66 0.0059782 -2.1752 -0.329604 -0.000394775
35.56 203.2 0.0065144 -2.1758 -0.329385 -0.00291433
35.56 205.74 0.0071259 -2.1766 -0.328842 0.0010086
35.56 208.28 0.0077791 -2.1775 -0.328616 -0.00164034
35.56 236.22 0.01153 -2.1959 -0.329746 -0.00280672
35.56 238.76 0.011422 -2.1977 -0.328953 -0.000493247
35.56 241.3 0.011274 -2.1995 -0.32922 -0.000835044
35.56 243.84 0.011096 -2.2013 -0.330504 -0.0033608
35.56 246.38 0.010897 -2.203 -0.32895 -0.00266257
35.56 248.92 0.010682 -2.2047 -0.328789 -0.00058753
35.56 251.46 0.010448 -2.2064 -0.329465 -0.000579498
35.56 254 0.010188 -2.2082 -0.328258 0.000596398
35.56 256.54 0.0098861 -2.21 -0.328203 0.000248523
35.56 259.08 0.0095185 -2.2118 -0.328455 -0.000411319
35.56 287.02 -0.012694 -2.2315 -0.328771 0.00230753
35.56 289.56 -0.017979 -2.2318 -0.327193 0.00518442
35.56 292.1 -0.024063 -2.2314 -0.328946 0.00528514
35.56 294.64 -0.03098 -2.2302 -0.328581 0.00624444
35.56 297.18 -0.038756 -2.228 -0.328259 0.00807711
35.56 299.72 -0.047402 -2.2245 -0.328532 0.00801694
35.56 302.26 -0.056916 -2.2198 -0.327472 0.00844717
35.56 304.8 -0.067282 -2.2136 -0.327415 0.012327
35.56 307.34 -0.078472 -2.2056 -0.328691 0.013202
35.56 309.88 -0.09044 -2.1959 -0.326413 0.016235
35.56 337.82 -0.24945 -1.9372 -0.301832 0.0439111
35.56 340.36 -0.26348 -1.8987 -0.295689 0.0444325
35.56 342.9 -0.27691 -1.8579 -0.289595 0.0472612
35.56 345.44 -0.2896 -1.8148 -0.28539 0.0468142
35.56 347.98 -0.30144 -1.7696 -0.276599 0.0510554
35.56 350.52 -0.31232 -1.7225 -0.270239 0.0517043
35.56 353.06 -0.32214 -1.6736 -0.261746 0.0527391
35.56 355.6 -0.3308 -1.623 -0.255761 0.0543817
35.56 358.14 -0.33823 -1.5712 -0.247616 0.055194
35.56 360.68 -0.34437 -1.5181 -0.240346 0.0561782
38.1 185.42 0.0056833 -2.1746 -0.327867 0.00256516
38.1 187.96 0.0051443 -2.1745 -0.329553 -0.00113701
38.1 190.5 0.0048723 -2.1744 -0.328695 0.0016671
38.1 193.04 0.0048504 -2.1743 -0.327718 0.00121217
38.1 195.58 0.0050544 -2.1743 -0.329608 -0.00157495
38.1 198.12 0.0054539 -2.1744 -0.328527 0.00189583
38.1 200.66 0.0060134 -2.1747 -0.329395 -0.00102153
38.1 203.2 0.0066941 -2.1752 -0.328741 -0.000140562
38.1 205.74 0.0074558 -2.1759 -0.328873 -0.00107313
38.1 208.28 0.0082584 -2.1768 -0.328046 -3.83703e-05
38.1 236.22 0.012575 -2.196 -0.328638 -0.000179199
38.1 238.76 0.012434 -2.1978 -0.329079 -3.5119e-05
38.1 241.3 0.012255 -2.1997 -0.328852 -0.00122992
38.1 243.84 0.012055 -2.2014 -0.329367 -0.000609346
38.1 246.38 0.011848 -2.2032 -0.327817 -8.11312e-05
38.1 248.92 0.01164 -2.2049 -0.329534 -0.00305441
38.1 251.46 0.011434 -2.2067 -0.329181 -0.00132032
38.1 254 0.011224 -2.2084 -0.328085 -0.000178199
38.1 256.54 0.010993 -2.2102 -0.328783 -6.94437e-05
38.1 259.08 0.010719 -2.2121 -0.329323 -0.00218367
38.1 287.02 -0.010864 -2.2365 -0.329285 0.00227567
38.1 289.56 -0.016381 -2.2376 -0.328014 0.00200551
38.1 292.1 -0.022788 -2.2381 -0.32796 0.00574458
38.1 294.64 -0.030129 -2.2378 -0.328165 0.0063387
38.1 297.18 -0.038432 -2.2365 -0.328003 0.00807085
38.1 299.72 -0.047713 -2.234 -0.328751 0.00765328
38.1 302.26 -0.057972 -2.2301 -0.328816 0.00838649
38.1 304.8 -0.069193 -2.2248 -0.328183 0.0130467
38.1 307.34 -0.081344 -2.2177 -0.329015 0.0113125
38.1 309.88 -0.094377 -2.2088 -0.328071 0.0154745
38.1 337.82 -0.26909 -1.9522 -0.303174 0.0460036
38.1 340.36 -0.28457 -1.9132 -0.297513 0.0480167
38.1 342.9 -0.29939 -1.8716 -0.2919 0.049893
38.1 345.44 -0.31341 -1.8277 -0.285165 0.0521666
38.1 347.98 -0.32649 -1.7816 -0.279146 0.0538492
38.1 350.52 -0.3385 -1.7334 -0.268796 0.0564383
38.1 353.06 -0.34934 -1.6833 -0.264138 0.0571817
38.1 355.6 -0.3589 -1.6315 -0.255818 0.0598341
38.1 358.14 -0.36709 -1.5783 -0.248007 0.0618353
38.1 360.68 -0.37383 -1.5239 -0.23896 0.0625533
40.64 185.42 0.0051021 -2.1753 -0.32888 -0.000677447
40.64 187.96 0.0045548 -2.1749 -0.328746 -0.000137327
40.64 190.5 0.0043188 -2.1745 -0.327697 0.000111896
40.64 193.04 0.0043736 -2.1741 -0.329062 -0.000644672
40.64 195.58 0.0046902 -2.1739 -0.328707 -0.000511062
40.64 198.12 0.0052314 -2.1738 -0.329822 -0.00111218
40.64 200.66 0.0059545 -2.174 -0.328724 -0.000334934
40.64 203.2 0.0068127 -2.1744 -0.328474 0.00140309
40.64 205.74 0.0077573 -2.175 -0.32788 0.00150528
40.64 208.28 0.0087402 -2.1759 -0.329 5.19525e-05
40.64 236.22 0.013659 -2.1961 -0.329157 -0.00267762
40.64 238.76 0.013469 -2.198 -0.328325 0.000716266
40.64 241.3 0.013246 -2.1999 -0.328516 0.000461691
40.64 243.84 0.013012 -2.2017 -0.32892 -0.00274982
40.64 246.38 0.012786 -2.2034 -0.328496 7.52087e-05
40.64 248.92 0.012584 -2.2051 -0.329441 -0.00163741
40.64 251.46 0.012409 -2.2068 -0.328158 -0.00149055
40.64 254 0.012258 -2.2086 -0.327894 -0.000484708
40.64 256.54 0.012118 -2.2104 -0.329138 -0.00229233
40.64 259.08 0.011963 -2.2124 -0.32904 -0.00110344
40.64 287.02 -0.008389 -2.2416 -0.328996 0.000739837
40.64 289.56 -0.014093 -2.2437 -0.328541 0.00432095
40.64 292.1 -0.020788 -2.2451 -0.328673 0.00588066
40.64 294.64 -0.028526 -2.2458 -0.328111 0.00758143
40.64 297.18 -0.037344 -2.2455 -0.328523 0.00571531
40.64 299.72 -0.047259 -2.2441 -0.328726 0.00909559
40.64 302.26 -0.058275 -2.2413 -0.3284 0.00824612
40.64 304.8 -0.070375 -2.237 -0.328298 0.0104931
40.64 307.34 -0.083525 -2.2309 -0.32845 0.0134504
40.64 309.88 -0.097671 -2.2228 -0.329618 0.0146509
40.64 337.82 -0.28913 -1.9688 -0.306124 0.0492282
40.64 340.36 -0.30618 -1.9291 -0.2994 0.0521335
40.64 342.9 -0.3225 -1.8868 -0.293174 0.0558465
40.64 345.44 -0.33794 -1.842 -0.288296 0.0558007
40.64 347.98 -0.35235 -1.7948 -0.28082 0.0587586
40.64 350.52 -0.36559 -1.7454 -0.27319 0.0593902
40.64 353.06 -0.37754 -1.694 -0.264668 0.0626585
40.64 355.6 -0.38806 -1.6408 -0.25808 0.0622371
40.64 358.14 -0.39706 -1.5861 -0.249614 0.0647847
40.64 360.68 -0.40445 -1.5301 -0.239796 0.0672681
43.18 185.42 0.0042617 -2.176 -0.328019 0.000460891
43.18 187.96 0.0037147 -2.1753 -0.329402 0.000145501
43.18 190.5 0.0035314 -2.1745 -0.329697 -0.00129365
43.18 193.04 0.0036873 -2.1739 -0.329268 -0.00198948
43.18 195.58 0.0041468 -2.1734 -0.328505 0.00138783
43.18 198.12 0.0048652 -2.1731 -0.328982 0.000415688
43.18 200.66 0.0057905 -2.1731 -0.3287 0.000423254
43.18 203.2 0.0068661 -2.1733 -0.329158 -0.00135503
43.18 205.74 0.0080332 -2.1739 -0.329417 -0.000667612
43.18 208.28 0.0092338 -2.1748 -0.329855 -0.00234453
43.18 236.22 0.014787 -2.1963 -0.328004 -8.27527e-05
43.18 238.76 0.014525 -2.1983 -0.327954 -0.00109223
43.18 241.3 0.014236 -2.2001 -0.327984 -0.00227354
43.18 243.84 0.01395 -2.2019 -0.328081 0.000204674
43.18 246.38 0.013694 -2.2036 -0.328428 0.00037565
43.18 248.92 0.013489 -2.2053 -0.326852 -0.000592584
43.18 251.46 0.013346 -2.207 -0.328131 0.00113535
43.18 254 0.013264 -2.2087 -0.329731 -0.000819729
43.18 256.54 0.013233 -2.2105 -0.329644 -0.00288615
43.18 259.08 0.013225 -2.2125 -0.32875 -0.00260115
43.18 287.02 -0.0051942 -2.2469 -0.328739 0.00325133
43.18 289.56 -0.011033 -2.25 -0.329025 0.00202329
43.18 292.1 -0.017974 -2.2525 -0.329516 0.00239335
43.18 294.64 -0.02608 -2.2543 -0.32882 0.00477882
43.18 297.18 -0.035394 -2.2552 -0.328999 0.0069115
43.18 299.72 -0.045941 -2.2549 -0.328419 0.0083797
43.18 302.26 -0.057726 -2.2533 -0.327801 0.0116045
43.18 304.8 -0.070731 -2.2501 -0.328679 0.01063
43.18 307.34 -0.08492 -2.2451 -0.32782 0.0151267
43.18 309.88 -0.10023 -2.2381 -0.327596 0.0172561
43.18 337.82 -0.3096 -1.987 -0.309133 0.0518563
43.18 340.36 -0.32834 -1.9467 -0.302272 0.055827
43.18 342.9 -0.34628 -1.9035 -0.296167 0.0569229
43.18 345.44 -0.36327 -1.8577 -0.290685 0.059317
43.18 347.98 -0.37912 -1.8093 -0.282316 0.063257
43.18 350.52 -0.39369 -1.7586 -0.275626 0.0639236
43.18 353.06 -0.40683 -1.7058 -0.267407 0.0673106
43.18 355.6 -0.4184 -1.6511 -0.258045 0.0695038
43.18 358.14 -0.42829 -1.5947 -0.249907 0.0708397
43.18 360.68 -0.43638 -1.537 -0.239996 0.0724713
45.72 185.42 0.003116 -2.1768 -0.328968 0.00100162
45.72 187.96 0.0025797 -2.1756 -0.328553 0.00125389
45.72 190.5 0.0024695 -2.1745 -0.328554 0.00127123
45.72 193.04 0.0027558 -2.1735 -0.328324 0.00263415
45.72 195.58 0.0033955 -2.1727 -0.329335 0.00131174
45.72 198.12 0.0043343 -2.1721 -0.329273 -0.00165631
45.72 200.66 0.0055089 -2.1719 -0.328503 0.000945653
45.72 203.2 0.0068506 -2.1721 -0.328242 0.00094834
45.72 205.74 0.0082883 -2.1726 -0.328093 0.000959591
45.72 208.28 0.0097519 -2.1735 -0.32827 -0.000531126
45.72 236.22 0.01596 -2.1966 -0.327852 0.000761212
45.72 238.76 0.015596 -2.1986 -0.329204 -0.00116845
45.72 241.3 0.015213 -2.2005 -0.328411 -0.000979944
45.72 243.84 0.01485 -2.2022 -0.327825 0.000502885
45.72 246.38 0.014545 -2.2039 -0.330041 -0.00249839
45.72 248.92 0.014326 -2.2055 -0.329104 -0.00373538
45.72 251.46 0.014212 -2.2071 -0.327457 -8.06455e-05
45.72 254 0.014207 -2.2087 -0.32917 4.11725e-05
45.72 256.54 0.014302 -2.2105 -0.32857 -0.000427341
45.72 259.08 0.014473 -2.2124 -0.329266 -0.00104974
45.72 287.02 -0.0011996 -2.2522 -0.328397 0.00246289
45.72 289.56 -0.0071094 -2.2564 -0.328495 0.00120872
45.72 292.1 -0.014246 -2.2602 -0.328655 0.00168068
45.72 294.64 -0.022684 -2.2632 -0.329505 0.00184373
45.72 297.18 -0.032474 -2.2654 -0.329611 0.00387674
45.72 299.72 -0.043647 -2.2664 -0.329044 0.00720403
45.72 302.26 -0.056212 -2.2661 -0.328205 0.00836264
45.72 304.8 -0.070151 -2.2642 -0.328072 0.0136759
45.72 307.34 -0.085424 -2.2604 -0.328464 0.0144959
45.72 309.88 -0.10197 -2.2546 -0.327204 0.0168143
45.72 337.82 -0.33055 -2.007 -0.311311 0.0553374
45.72 340.36 -0.35111 -1.9659 -0.305365 0.0603472
45.72 342.9 -0.37081 -1.9218 -0.298943 0.0634299
45.72 345.44 -0.38946 -1.8749 -0.290658 0.0649816
45.72 347.98 -0.40688 -1.8253 -0.285427 0.0682581
45.72 350.52 -0.4229 -1.7732 -0.277847 0.0688617
45.72 353.06 -0.43735 -1.7188 -0.268688 0.0716305
45.72 355.6 -0.45006 -1.6624 -0.260724 0.0734493
45.72 358.14 -0.46091 -1.6042 -0.251117 0.0749287
45.72 360.68 -0.46978 -1.5445 -0.242991 0.0752479
48.26 185.42 0.0016095 -2.1775 -0.328857 0.000510101
48.26 187.96 0.0010964 -2.1759 -0.327623 0.0022494
48.26 190.5 0.0010843 -2.1743 -0.329963 -0.00145107
48.26 193.04 0.0015372 -2.1729 -0.327942 0.0016389
48.26 195.58 0.0024026 -2.1718 -0.329225 0.000873546
48.26 198.12 0.0036145 -2.1709 -0.329019 0.000864005
48.26 200.66 0.005096 -2.1705 -0.328453 0.000978751
48.26 203.2 0.0067634 -2.1705 -0.329133 -0.00132874
48.26 205.74 0.0085302 -2.171 -0.329641 -0.00212264
48.26 208.28 0.010311 -2.1719 -0.328373 0.000974575
48.26 236.22 0.01718 -2.197 -0.329092 -0.0016143
48.26 238.76 0.016676 -2.199 -0.328045 -0.000455922
48.26 241.3 0.016161 -2.2009 -0.328412 0.00108104
48.26 243.84 0.015689 -2.2026 -0.329093 -0.00132297
48.26 246.38 0.015308 -2.2042 -0.328798 -0.00261367
48.26 248.92 0.015057 -2.2056 -0.328569 -0.00280032
48.26 251.46 0.014964 -2.2071 -0.328733 -0.000480812
48.26 254 0.015041 -2.2086 -0.329074 -0.000367322
48.26 256.54 0.015282 -2.2102 -0.329644 -0.000830492
48.26 259.08 0.015662 -2.2121 -0.328731 -0.00136943
48.26 287.02 0.0036844 -2.2575 -0.328381 0.000596709
48.26 289.56 -0.0022222 -2.263 -0.329001 0.00145374
48.26 292.1 -0.0094943 -2.2681 -0.328869 0.00201593
48.26 294.64 -0.018218 -2.2725 -0.329079 0.00327988
48.26 297.18 -0.028458 -2.2761 -0.328748 0.00465052
48.26 299.72 -0.04025 -2.2787 -0.328863 0.00665241
48.26 302.26 -0.053607 -2.2798 -0.32938 0.0072094
48.26 304.8 -0.068511 -2.2793 -0.330141 0.0087607
48.26 307.34 -0.084918 -2.2769 -0.328682 0.0130503
48.26 309.88 -0.10276 -2.2724 -0.32764 0.017451
48.26 337.82 -0.35201 -2.0289 -0.314465 0.0608195
48.26 340.36 -0.37454 -1.987 -0.309751 0.0625837
48.26 342.9 -0.39614 -1.942 -0.301494 0.0662041
48.26 345.44 -0.41661 -1.8939 -0.294295 0.0697333
48.26 347.98 -0.43574 -1.8429 -0.286991 0.0715717
48.26 350.52 -0.45334 -1.7892 -0.279856 0.0744198
48.26 353.06 -0.46921 -1.7331 -0.27122 0.076463
48.26 355.6 -0.48318 -1.6747 -0.261005 0.0793924
48.26 358.14 -0.49509 -1.6145 -0.251814 0.0825436
48.26 360.68 -0.5048 -1.5527 -0.243831 0.0825054
50.8 185.42 -0.00032458 -2.1783 -0.328725 0.00246221
50.8 187.96 -0.00079923 -2.1761 -0.329208 -9.33667e-05
50.8 190.5 -0.0006829 -2.174 -0.328322 0.00244621
50.8 193.04 -1.9339e-05 -2.1721 -0.328175 0.00226921
50.8 195.58 0.0011277 -2.1706 -0.329364 -0.00026347
50.8 198.12 0.0026776 -2.1694 -0.32806 0.00184177
50.8 200.66 0.0045364 -2.1687 -0.328798 0.000827228
50.8 203.2 0.0066022 -2.1686 -0.328008 0.0012013
50.8 205.74 0.0087695 -2.169 -0.330368 -0.00243421
50.8 208.28 0.010935 -2.1699 -0.329146 -0.000542392
50.8 236.22 0.018451 -2.1976 -0.328651 -0.000480378
50.8 238.76 0.017757 -2.1996 -0.329033 -0.00248154
50.8 241.3 0.017062 -2.2015 -0.328305 -0.000525934
50.8 243.84 0.016437 -2.2031 -0.328445 -0.00100686
50.8 246.38 0.015944 -2.2045 -0.328864 -0.00110654
50.8 248.92 0.015635 -2.2058 -0.33014 -0.00334898
50.8 251.46 0.015551 -2.2071 -0.328831 -0.00195258
50.8 254 0.01571 -2.2084 -0.328448 -0.000203753
50.8 256.54 0.016113 -2.2098 -0.327943 -1.2145e-05
50.8 259.08 0.016737 -2.2115 -0.328263 -0.000302203
50.8 287.02 0.0095574 -2.2627 -0.329069 -0.000247523
50.8 289.56 0.0037426 -2.2696 -0.328505 0.00218687
50.8 292.1 -0.0035924 -2.2761 -0.329018 0.0020744
50.8 294.64 -0.01255 -2.2822 -0.328957 0.00185059
50.8 297.18 -0.023206 -2.2874 -0.328109 0.00631954
50.8 299.72 -0.035607 -2.2916 -0.327891 0.00777605
50.8 302.26 -0.049767 -2.2944 -0.330419 0.00614478
50.8 304.8 -0.06567 -2.2955 -0.329448 0.00808483
50.8 307.34 -0.083267 -2.2947 -0.328729 0.0121222
50.8 309.88 -0.10248 -2.2916 -0.329564 0.0148062
50.8 337.82 -0.37402 -2.0529 -0.32035 0.0607348
50.8 340.36 -0.39868 -2.0102 -0.313148 0.0657483
50.8 342.9 -0.42234 -1.964 -0.304478 0.0710379
50.8 345.44 -0.44479 -1.9146 -0.299003 0.0734881
50.8 347.98 -0.46579 -1.8622 -0.289259 0.0776066
50.8 350.52 -0.48512 -1.8068 -0.28257 0.0791244
50.8 353.06 -0.50257 -1.7487 -0.272327 0.0813215
50.8 355.6 -0.51793 -1.6883 -0.263678 0.0842964
50.8 358.14 -0.53101 -1.6259 -0.253627 0.0872877
50.8 360.68 -0.54165 -1.5617 -0.24484 0.089269
