#
# Material map generated with src/programs/Utilities/mkMaterialMap
# generated: Thu Jul 23 20:51:54 2009
#
# Generated with the following parameters:
#    Nr = 58
#    Nz = 6
#  rmin = 2
#  rmax = 60
#  zmin = 347
#  zmax = 361
#
#  sampling points per cell:
#   n_r = 5
#   n_z = 5
# n_phi = 100
#
#  r	z	A	Z	density radlen rhoZ_overA rhoZ_overA_logI
2.5	348.167	20.5762	9.82655	0.001625	18154.4	0.000776567	-0.012331
2.5	350.5	24.425	11.4616	0.001899	14366	0.000891116	-0.0140348
2.5	352.833	24.425	11.4616	0.001899	14366	0.000891116	-0.0140348
2.5	355.167	24.425	11.4616	0.001899	14366	0.000891116	-0.0140348
2.5	357.5	24.425	11.4616	0.001899	14366	0.000891116	-0.0140348
2.5	359.833	24.425	11.4616	0.001899	14366	0.000891116	-0.0140348
3.5	348.167	20.5762	9.82655	0.001625	18154.4	0.000776567	-0.012331
3.5	350.5	24.425	11.4616	0.001899	14366	0.000891116	-0.0140348
3.5	352.833	24.425	11.4616	0.001899	14366	0.000891116	-0.0140348
3.5	355.167	24.425	11.4616	0.001899	14366	0.000891116	-0.0140348
3.5	357.5	24.425	11.4616	0.001899	14366	0.000891116	-0.0140348
3.5	359.833	24.425	11.4616	0.001899	14366	0.000891116	-0.0140348
4.5	348.167	20.5762	9.82655	0.001625	18154.4	0.000776567	-0.012331
4.5	350.5	24.425	11.4616	0.001899	14366	0.000891116	-0.0140348
4.5	352.833	24.425	11.4616	0.001899	14366	0.000891116	-0.0140348
4.5	355.167	24.425	11.4616	0.001899	14366	0.000891116	-0.0140348
4.5	357.5	24.425	11.4616	0.001899	14366	0.000891116	-0.0140348
4.5	359.833	24.425	11.4616	0.001899	14366	0.000891116	-0.0140348
5.5	348.167	20.5762	9.82655	0.001625	18154.4	0.000776567	-0.012331
5.5	350.5	24.425	11.4616	0.001899	14366	0.000891116	-0.0140348
5.5	352.833	24.425	11.4616	0.001899	14366	0.000891116	-0.0140348
5.5	355.167	24.425	11.4616	0.001899	14366	0.000891116	-0.0140348
5.5	357.5	24.425	11.4616	0.001899	14366	0.000891116	-0.0140348
5.5	359.833	24.425	11.4616	0.001899	14366	0.000891116	-0.0140348
6.5	348.167	20.5762	9.82655	0.001625	18154.4	0.000776567	-0.012331
6.5	350.5	24.425	11.4616	0.001899	14366	0.000891116	-0.0140348
6.5	352.833	24.425	11.4616	0.001899	14366	0.000891116	-0.0140348
6.5	355.167	24.425	11.4616	0.001899	14366	0.000891116	-0.0140348
6.5	357.5	24.425	11.4616	0.001899	14366	0.000891116	-0.0140348
6.5	359.833	24.425	11.4616	0.001899	14366	0.000891116	-0.0140348
7.5	348.167	20.5762	9.82655	0.001625	18154.4	0.000776567	-0.012331
7.5	350.5	24.425	11.4616	0.001899	14366	0.000891116	-0.0140348
7.5	352.833	24.425	11.4616	0.001899	14366	0.000891116	-0.0140348
7.5	355.167	24.425	11.4616	0.001899	14366	0.000891116	-0.0140348
7.5	357.5	24.425	11.4616	0.001899	14366	0.000891116	-0.0140348
7.5	359.833	24.425	11.4616	0.001899	14366	0.000891116	-0.0140348
8.5	348.167	20.5762	9.82655	0.001625	18154.4	0.000776567	-0.012331
8.5	350.5	24.425	11.4616	0.001899	14366	0.000891116	-0.0140348
8.5	352.833	24.425	11.4616	0.001899	14366	0.000891116	-0.0140348
8.5	355.167	24.425	11.4616	0.001899	14366	0.000891116	-0.0140348
8.5	357.5	24.425	11.4616	0.001899	14366	0.000891116	-0.0140348
8.5	359.833	24.425	11.4616	0.001899	14366	0.000891116	-0.0140348
9.5	348.167	20.5762	9.82655	0.001625	18154.4	0.000776567	-0.012331
9.5	350.5	24.425	11.4616	0.001899	14366	0.000891116	-0.0140348
9.5	352.833	24.425	11.4616	0.001899	14366	0.000891116	-0.0140348
9.5	355.167	24.425	11.4616	0.001899	14366	0.000891116	-0.0140348
9.5	357.5	24.425	11.4616	0.001899	14366	0.000891116	-0.0140348
9.5	359.833	24.425	11.4616	0.001899	14366	0.000891116	-0.0140348
10.5	348.167	20.5762	9.82655	0.001625	18154.4	0.000776567	-0.012331
10.5	350.5	24.425	11.4616	0.001899	14366	0.000891116	-0.0140348
10.5	352.833	24.425	11.4616	0.001899	14366	0.000891116	-0.0140348
10.5	355.167	24.425	11.4616	0.001899	14366	0.000891116	-0.0140348
10.5	357.5	24.425	11.4616	0.001899	14366	0.000891116	-0.0140348
10.5	359.833	24.425	11.4616	0.001899	14366	0.000891116	-0.0140348
11.5	348.167	20.5762	9.82655	0.001625	18154.4	0.000776567	-0.012331
11.5	350.5	24.425	11.4616	0.001899	14366	0.000891116	-0.0140348
11.5	352.833	24.425	11.4616	0.001899	14366	0.000891116	-0.0140348
11.5	355.167	24.425	11.4616	0.001899	14366	0.000891116	-0.0140348
11.5	357.5	24.425	11.4616	0.001899	14366	0.000891116	-0.0140348
11.5	359.833	24.425	11.4616	0.001899	14366	0.000891116	-0.0140348
12.5	348.167	20.5762	9.82655	0.001625	18154.4	0.000776567	-0.012331
12.5	350.5	24.425	11.4616	0.001899	14366	0.000891116	-0.0140348
12.5	352.833	24.425	11.4616	0.001899	14366	0.000891116	-0.0140348
12.5	355.167	24.425	11.4616	0.001899	14366	0.000891116	-0.0140348
12.5	357.5	24.425	11.4616	0.001899	14366	0.000891116	-0.0140348
12.5	359.833	24.425	11.4616	0.001899	14366	0.000891116	-0.0140348
13.5	348.167	20.5762	9.82655	0.001625	18154.4	0.000776567	-0.012331
13.5	350.5	24.425	11.4616	0.001899	14366	0.000891116	-0.0140348
13.5	352.833	24.425	11.4616	0.001899	14366	0.000891116	-0.0140348
13.5	355.167	24.425	11.4616	0.001899	14366	0.000891116	-0.0140348
13.5	357.5	24.425	11.4616	0.001899	14366	0.000891116	-0.0140348
13.5	359.833	24.425	11.4616	0.001899	14366	0.000891116	-0.0140348
14.5	348.167	20.5762	9.82655	0.001625	18154.4	0.000776567	-0.012331
14.5	350.5	24.425	11.4616	0.001899	14366	0.000891116	-0.0140348
14.5	352.833	24.425	11.4616	0.001899	14366	0.000891116	-0.0140348
14.5	355.167	24.425	11.4616	0.001899	14366	0.000891116	-0.0140348
14.5	357.5	24.425	11.4616	0.001899	14366	0.000891116	-0.0140348
14.5	359.833	24.425	11.4616	0.001899	14366	0.000891116	-0.0140348
15.5	348.167	20.5762	9.82655	0.001625	18154.4	0.000776567	-0.012331
15.5	350.5	24.425	11.4616	0.001899	14366	0.000891116	-0.0140348
15.5	352.833	24.425	11.4616	0.001899	14366	0.000891116	-0.0140348
15.5	355.167	24.425	11.4616	0.001899	14366	0.000891116	-0.0140348
15.5	357.5	24.425	11.4616	0.001899	14366	0.000891116	-0.0140348
15.5	359.833	24.425	11.4616	0.001899	14366	0.000891116	-0.0140348
16.5	348.167	20.5762	9.82655	0.001625	18154.4	0.000776567	-0.012331
16.5	350.5	24.425	11.4616	0.001899	14366	0.000891116	-0.0140348
16.5	352.833	24.425	11.4616	0.001899	14366	0.000891116	-0.0140348
16.5	355.167	24.425	11.4616	0.001899	14366	0.000891116	-0.0140348
16.5	357.5	24.425	11.4616	0.001899	14366	0.000891116	-0.0140348
16.5	359.833	24.425	11.4616	0.001899	14366	0.000891116	-0.0140348
17.5	348.167	20.5762	9.82655	0.001625	18154.4	0.000776567	-0.012331
17.5	350.5	24.425	11.4616	0.001899	14366	0.000891116	-0.0140348
17.5	352.833	24.425	11.4616	0.001899	14366	0.000891116	-0.0140348
17.5	355.167	24.425	11.4616	0.001899	14366	0.000891116	-0.0140348
17.5	357.5	24.425	11.4616	0.001899	14366	0.000891116	-0.0140348
17.5	359.833	24.425	11.4616	0.001899	14366	0.000891116	-0.0140348
18.5	348.167	20.5762	9.82655	0.001625	18154.4	0.000776567	-0.012331
18.5	350.5	24.425	11.4616	0.001899	14366	0.000891116	-0.0140348
18.5	352.833	24.425	11.4616	0.001899	14366	0.000891116	-0.0140348
18.5	355.167	24.425	11.4616	0.001899	14366	0.000891116	-0.0140348
18.5	357.5	24.425	11.4616	0.001899	14366	0.000891116	-0.0140348
18.5	359.833	24.425	11.4616	0.001899	14366	0.000891116	-0.0140348
19.5	348.167	20.5762	9.82655	0.001625	18154.4	0.000776567	-0.012331
19.5	350.5	24.425	11.4616	0.001899	14366	0.000891116	-0.0140348
19.5	352.833	24.425	11.4616	0.001899	14366	0.000891116	-0.0140348
19.5	355.167	24.425	11.4616	0.001899	14366	0.000891116	-0.0140348
19.5	357.5	24.425	11.4616	0.001899	14366	0.000891116	-0.0140348
19.5	359.833	24.425	11.4616	0.001899	14366	0.000891116	-0.0140348
20.5	348.167	20.5762	9.82655	0.001625	18154.4	0.000776567	-0.012331
20.5	350.5	24.425	11.4616	0.001899	14366	0.000891116	-0.0140348
20.5	352.833	24.425	11.4616	0.001899	14366	0.000891116	-0.0140348
20.5	355.167	24.425	11.4616	0.001899	14366	0.000891116	-0.0140348
20.5	357.5	24.425	11.4616	0.001899	14366	0.000891116	-0.0140348
20.5	359.833	24.425	11.4616	0.001899	14366	0.000891116	-0.0140348
21.5	348.167	20.5762	9.82655	0.001625	18154.4	0.000776567	-0.012331
21.5	350.5	24.425	11.4616	0.001899	14366	0.000891116	-0.0140348
21.5	352.833	24.425	11.4616	0.001899	14366	0.000891116	-0.0140348
21.5	355.167	24.425	11.4616	0.001899	14366	0.000891116	-0.0140348
21.5	357.5	24.425	11.4616	0.001899	14366	0.000891116	-0.0140348
21.5	359.833	24.425	11.4616	0.001899	14366	0.000891116	-0.0140348
22.5	348.167	20.5762	9.82655	0.001625	18154.4	0.000776567	-0.012331
22.5	350.5	24.425	11.4616	0.001899	14366	0.000891116	-0.0140348
22.5	352.833	24.425	11.4616	0.001899	14366	0.000891116	-0.0140348
22.5	355.167	24.425	11.4616	0.001899	14366	0.000891116	-0.0140348
22.5	357.5	24.425	11.4616	0.001899	14366	0.000891116	-0.0140348
22.5	359.833	24.425	11.4616	0.001899	14366	0.000891116	-0.0140348
23.5	348.167	20.5762	9.82655	0.001625	18154.4	0.000776567	-0.012331
23.5	350.5	24.425	11.4616	0.001899	14366	0.000891116	-0.0140348
23.5	352.833	24.425	11.4616	0.001899	14366	0.000891116	-0.0140348
23.5	355.167	24.425	11.4616	0.001899	14366	0.000891116	-0.0140348
23.5	357.5	24.425	11.4616	0.001899	14366	0.000891116	-0.0140348
23.5	359.833	24.425	11.4616	0.001899	14366	0.000891116	-0.0140348
24.5	348.167	20.5762	9.82655	0.001625	18154.4	0.000776567	-0.012331
24.5	350.5	24.425	11.4616	0.001899	14366	0.000891116	-0.0140348
24.5	352.833	24.425	11.4616	0.001899	14366	0.000891116	-0.0140348
24.5	355.167	24.425	11.4616	0.001899	14366	0.000891116	-0.0140348
24.5	357.5	24.425	11.4616	0.001899	14366	0.000891116	-0.0140348
24.5	359.833	24.425	11.4616	0.001899	14366	0.000891116	-0.0140348
25.5	348.167	20.5762	9.82655	0.001625	18154.4	0.000776567	-0.012331
25.5	350.5	24.425	11.4616	0.001899	14366	0.000891116	-0.0140348
25.5	352.833	24.425	11.4616	0.001899	14366	0.000891116	-0.0140348
25.5	355.167	24.425	11.4616	0.001899	14366	0.000891116	-0.0140348
25.5	357.5	24.425	11.4616	0.001899	14366	0.000891116	-0.0140348
25.5	359.833	24.425	11.4616	0.001899	14366	0.000891116	-0.0140348
26.5	348.167	20.5762	9.82655	0.001625	18154.4	0.000776567	-0.012331
26.5	350.5	24.425	11.4616	0.001899	14366	0.000891116	-0.0140348
26.5	352.833	24.425	11.4616	0.001899	14366	0.000891116	-0.0140348
26.5	355.167	24.425	11.4616	0.001899	14366	0.000891116	-0.0140348
26.5	357.5	24.425	11.4616	0.001899	14366	0.000891116	-0.0140348
26.5	359.833	24.425	11.4616	0.001899	14366	0.000891116	-0.0140348
27.5	348.167	20.5762	9.82655	0.001625	18154.4	0.000776567	-0.012331
27.5	350.5	24.425	11.4616	0.001899	14366	0.000891116	-0.0140348
27.5	352.833	24.425	11.4616	0.001899	14366	0.000891116	-0.0140348
27.5	355.167	24.425	11.4616	0.001899	14366	0.000891116	-0.0140348
27.5	357.5	24.425	11.4616	0.001899	14366	0.000891116	-0.0140348
27.5	359.833	24.425	11.4616	0.001899	14366	0.000891116	-0.0140348
28.5	348.167	20.5762	9.82655	0.001625	18154.4	0.000776567	-0.012331
28.5	350.5	24.425	11.4616	0.001899	14366	0.000891116	-0.0140348
28.5	352.833	24.425	11.4616	0.001899	14366	0.000891116	-0.0140348
28.5	355.167	24.425	11.4616	0.001899	14366	0.000891116	-0.0140348
28.5	357.5	24.425	11.4616	0.001899	14366	0.000891116	-0.0140348
28.5	359.833	24.425	11.4616	0.001899	14366	0.000891116	-0.0140348
29.5	348.167	20.5762	9.82655	0.001625	18154.4	0.000776567	-0.012331
29.5	350.5	24.425	11.4616	0.001899	14366	0.000891116	-0.0140348
29.5	352.833	24.425	11.4616	0.001899	14366	0.000891116	-0.0140348
29.5	355.167	24.425	11.4616	0.001899	14366	0.000891116	-0.0140348
29.5	357.5	24.425	11.4616	0.001899	14366	0.000891116	-0.0140348
29.5	359.833	24.425	11.4616	0.001899	14366	0.000891116	-0.0140348
30.5	348.167	20.5762	9.82655	0.001625	18154.4	0.000776567	-0.012331
30.5	350.5	24.425	11.4616	0.001899	14366	0.000891116	-0.0140348
30.5	352.833	24.425	11.4616	0.001899	14366	0.000891116	-0.0140348
30.5	355.167	24.425	11.4616	0.001899	14366	0.000891116	-0.0140348
30.5	357.5	24.425	11.4616	0.001899	14366	0.000891116	-0.0140348
30.5	359.833	24.425	11.4616	0.001899	14366	0.000891116	-0.0140348
31.5	348.167	20.5762	9.82655	0.001625	18154.4	0.000776567	-0.012331
31.5	350.5	24.425	11.4616	0.001899	14366	0.000891116	-0.0140348
31.5	352.833	24.425	11.4616	0.001899	14366	0.000891116	-0.0140348
31.5	355.167	24.425	11.4616	0.001899	14366	0.000891116	-0.0140348
31.5	357.5	24.425	11.4616	0.001899	14366	0.000891116	-0.0140348
31.5	359.833	24.425	11.4616	0.001899	14366	0.000891116	-0.0140348
32.5	348.167	20.5762	9.82655	0.001625	18154.4	0.000776567	-0.012331
32.5	350.5	24.425	11.4616	0.001899	14366	0.000891116	-0.0140348
32.5	352.833	24.425	11.4616	0.001899	14366	0.000891116	-0.0140348
32.5	355.167	24.425	11.4616	0.001899	14366	0.000891116	-0.0140348
32.5	357.5	24.425	11.4616	0.001899	14366	0.000891116	-0.0140348
32.5	359.833	24.425	11.4616	0.001899	14366	0.000891116	-0.0140348
33.5	348.167	20.5762	9.82655	0.001625	18154.4	0.000776567	-0.012331
33.5	350.5	24.425	11.4616	0.001899	14366	0.000891116	-0.0140348
33.5	352.833	24.425	11.4616	0.001899	14366	0.000891116	-0.0140348
33.5	355.167	24.425	11.4616	0.001899	14366	0.000891116	-0.0140348
33.5	357.5	24.425	11.4616	0.001899	14366	0.000891116	-0.0140348
33.5	359.833	24.425	11.4616	0.001899	14366	0.000891116	-0.0140348
34.5	348.167	20.5762	9.82655	0.001625	18154.4	0.000776567	-0.012331
34.5	350.5	24.425	11.4616	0.001899	14366	0.000891116	-0.0140348
34.5	352.833	24.425	11.4616	0.001899	14366	0.000891116	-0.0140348
34.5	355.167	24.425	11.4616	0.001899	14366	0.000891116	-0.0140348
34.5	357.5	24.425	11.4616	0.001899	14366	0.000891116	-0.0140348
34.5	359.833	24.425	11.4616	0.001899	14366	0.000891116	-0.0140348
35.5	348.167	20.5762	9.82655	0.001625	18154.4	0.000776567	-0.012331
35.5	350.5	24.425	11.4616	0.001899	14366	0.000891116	-0.0140348
35.5	352.833	24.425	11.4616	0.001899	14366	0.000891116	-0.0140348
35.5	355.167	24.425	11.4616	0.001899	14366	0.000891116	-0.0140348
35.5	357.5	24.425	11.4616	0.001899	14366	0.000891116	-0.0140348
35.5	359.833	24.425	11.4616	0.001899	14366	0.000891116	-0.0140348
36.5	348.167	20.5762	9.82655	0.001625	18154.4	0.000776567	-0.012331
36.5	350.5	24.425	11.4616	0.001899	14366	0.000891116	-0.0140348
36.5	352.833	24.425	11.4616	0.001899	14366	0.000891116	-0.0140348
36.5	355.167	24.425	11.4616	0.001899	14366	0.000891116	-0.0140348
36.5	357.5	24.425	11.4616	0.001899	14366	0.000891116	-0.0140348
36.5	359.833	24.425	11.4616	0.001899	14366	0.000891116	-0.0140348
37.5	348.167	20.5762	9.82655	0.001625	18154.4	0.000776567	-0.012331
37.5	350.5	24.425	11.4616	0.001899	14366	0.000891116	-0.0140348
37.5	352.833	24.425	11.4616	0.001899	14366	0.000891116	-0.0140348
37.5	355.167	24.425	11.4616	0.001899	14366	0.000891116	-0.0140348
37.5	357.5	24.425	11.4616	0.001899	14366	0.000891116	-0.0140348
37.5	359.833	24.425	11.4616	0.001899	14366	0.000891116	-0.0140348
38.5	348.167	20.5762	9.82655	0.001625	18154.4	0.000776567	-0.012331
38.5	350.5	24.425	11.4616	0.001899	14366	0.000891116	-0.0140348
38.5	352.833	24.425	11.4616	0.001899	14366	0.000891116	-0.0140348
38.5	355.167	24.425	11.4616	0.001899	14366	0.000891116	-0.0140348
38.5	357.5	24.425	11.4616	0.001899	14366	0.000891116	-0.0140348
38.5	359.833	24.425	11.4616	0.001899	14366	0.000891116	-0.0140348
39.5	348.167	20.5762	9.82655	0.001625	18154.4	0.000776567	-0.012331
39.5	350.5	24.425	11.4616	0.001899	14366	0.000891116	-0.0140348
39.5	352.833	24.425	11.4616	0.001899	14366	0.000891116	-0.0140348
39.5	355.167	24.425	11.4616	0.001899	14366	0.000891116	-0.0140348
39.5	357.5	24.425	11.4616	0.001899	14366	0.000891116	-0.0140348
39.5	359.833	24.425	11.4616	0.001899	14366	0.000891116	-0.0140348
40.5	348.167	20.5762	9.82655	0.001625	18154.4	0.000776567	-0.012331
40.5	350.5	24.425	11.4616	0.001899	14366	0.000891116	-0.0140348
40.5	352.833	24.425	11.4616	0.001899	14366	0.000891116	-0.0140348
40.5	355.167	24.425	11.4616	0.001899	14366	0.000891116	-0.0140348
40.5	357.5	24.425	11.4616	0.001899	14366	0.000891116	-0.0140348
40.5	359.833	24.425	11.4616	0.001899	14366	0.000891116	-0.0140348
41.5	348.167	20.5762	9.82655	0.001625	18154.4	0.000776567	-0.012331
41.5	350.5	24.425	11.4616	0.001899	14366	0.000891116	-0.0140348
41.5	352.833	24.425	11.4616	0.001899	14366	0.000891116	-0.0140348
41.5	355.167	24.425	11.4616	0.001899	14366	0.000891116	-0.0140348
41.5	357.5	24.425	11.4616	0.001899	14366	0.000891116	-0.0140348
41.5	359.833	24.425	11.4616	0.001899	14366	0.000891116	-0.0140348
42.5	348.167	20.5762	9.82655	0.001625	18154.4	0.000776567	-0.012331
42.5	350.5	24.425	11.4616	0.001899	14366	0.000891116	-0.0140348
42.5	352.833	24.425	11.4616	0.001899	14366	0.000891116	-0.0140348
42.5	355.167	24.425	11.4616	0.001899	14366	0.000891116	-0.0140348
42.5	357.5	24.425	11.4616	0.001899	14366	0.000891116	-0.0140348
42.5	359.833	24.425	11.4616	0.001899	14366	0.000891116	-0.0140348
43.5	348.167	20.5762	9.82655	0.001625	18154.4	0.000776567	-0.012331
43.5	350.5	24.425	11.4616	0.001899	14366	0.000891116	-0.0140348
43.5	352.833	24.425	11.4616	0.001899	14366	0.000891116	-0.0140348
43.5	355.167	24.425	11.4616	0.001899	14366	0.000891116	-0.0140348
43.5	357.5	24.425	11.4616	0.001899	14366	0.000891116	-0.0140348
43.5	359.833	24.425	11.4616	0.001899	14366	0.000891116	-0.0140348
44.5	348.167	20.5762	9.82655	0.001625	18154.4	0.000776567	-0.012331
44.5	350.5	24.425	11.4616	0.001899	14366	0.000891116	-0.0140348
44.5	352.833	24.425	11.4616	0.001899	14366	0.000891116	-0.0140348
44.5	355.167	24.425	11.4616	0.001899	14366	0.000891116	-0.0140348
44.5	357.5	24.425	11.4616	0.001899	14366	0.000891116	-0.0140348
44.5	359.833	24.425	11.4616	0.001899	14366	0.000891116	-0.0140348
45.5	348.167	20.5762	9.82655	0.001625	18154.4	0.000776567	-0.012331
45.5	350.5	24.425	11.4616	0.001899	14366	0.000891116	-0.0140348
45.5	352.833	24.425	11.4616	0.001899	14366	0.000891116	-0.0140348
45.5	355.167	24.425	11.4616	0.001899	14366	0.000891116	-0.0140348
45.5	357.5	24.425	11.4616	0.001899	14366	0.000891116	-0.0140348
45.5	359.833	24.425	11.4616	0.001899	14366	0.000891116	-0.0140348
46.5	348.167	20.5762	9.82655	0.001625	18154.4	0.000776567	-0.012331
46.5	350.5	24.425	11.4616	0.001899	14366	0.000891116	-0.0140348
46.5	352.833	24.425	11.4616	0.001899	14366	0.000891116	-0.0140348
46.5	355.167	24.425	11.4616	0.001899	14366	0.000891116	-0.0140348
46.5	357.5	24.425	11.4616	0.001899	14366	0.000891116	-0.0140348
46.5	359.833	24.425	11.4616	0.001899	14366	0.000891116	-0.0140348
47.5	348.167	20.5762	9.82655	0.001625	18154.4	0.000776567	-0.012331
47.5	350.5	24.425	11.4616	0.001899	14366	0.000891116	-0.0140348
47.5	352.833	24.425	11.4616	0.001899	14366	0.000891116	-0.0140348
47.5	355.167	24.425	11.4616	0.001899	14366	0.000891116	-0.0140348
47.5	357.5	24.425	11.4616	0.001899	14366	0.000891116	-0.0140348
47.5	359.833	24.425	11.4616	0.001899	14366	0.000891116	-0.0140348
48.5	348.167	20.5762	9.82655	0.001625	18154.4	0.000776567	-0.012331
48.5	350.5	24.425	11.4616	0.001899	14366	0.000891116	-0.0140348
48.5	352.833	25.0189	11.7389	0.137918	128.89	0.0645865	-0.98457
48.5	355.167	24.0084	11.3073	0.154547	193.573	0.0766197	-1.21996
48.5	357.5	24.425	11.4616	0.001899	14366	0.000891116	-0.0140348
48.5	359.833	24.425	11.4616	0.001899	14366	0.000891116	-0.0140348
49.5	348.167	19.2272	9.23948	0.040534	1065.76	0.0204765	-0.33665
49.5	350.5	22.4494	10.6154	0.146795	241.928	0.0735204	-1.19047
49.5	352.833	25.0492	11.8219	0.691283	26.6269	0.32538	-4.98536
49.5	355.167	21.7184	10.3549	0.422199	73.059	0.209799	-3.35134
49.5	357.5	22.2858	10.5339	0.0434442	984.242	0.0219205	-0.3601
49.5	359.833	22.2897	10.5334	0.0446575	956.172	0.0225302	-0.370057
50.5	348.167	13.4138	6.71014	0.204728	214.315	0.103609	-1.70523
50.5	350.5	13.9366	6.96881	0.760486	46.896	0.381155	-6.174
50.5	352.833	12.3847	6.21947	0.234243	185.555	0.118446	-1.94758
50.5	355.167	14.2967	7.142	0.586486	57.4241	0.292988	-4.7209
50.5	357.5	12.8992	6.46481	0.219486	198.901	0.111027	-1.8264
50.5	359.833	12.4876	6.26854	0.231291	188.079	0.116962	-1.92335
51.5	348.167	13.503	6.75242	0.336812	116.371	0.169183	-2.76005
51.5	350.5	13.9366	6.96881	0.760486	46.896	0.381155	-6.174
51.5	352.833	12.3847	6.21947	0.234243	185.555	0.118446	-1.94758
51.5	355.167	14.2967	7.142	0.586486	57.4241	0.292988	-4.7209
51.5	357.5	12.8992	6.46481	0.219486	198.901	0.111027	-1.8264
51.5	359.833	12.4876	6.26854	0.231291	188.079	0.116962	-1.92335
52.5	348.167	13.6825	6.83463	0.270735	137.118	0.135568	-2.20704
52.5	350.5	13.9413	6.97106	0.76107	46.8582	0.381437	-6.17845
52.5	352.833	12.4182	6.23562	0.248471	172.466	0.125527	-2.06162
52.5	355.167	14.3074	7.14711	0.59121	56.9959	0.295338	-4.75883
52.5	357.5	12.9229	6.4762	0.229122	188.466	0.115821	-1.90357
52.5	359.833	12.5211	6.28469	0.245519	174.644	0.124044	-2.03738
53.5	348.167	14.6808	7.3152	0.0361107	1104.45	0.0181701	-0.297324
53.5	350.5	15.4025	7.67025	0.444129	70.5945	0.220953	-3.53551
53.5	352.833	13.5509	6.77676	0.0636387	664.198	0.0320988	-0.526309
53.5	355.167	16.314	8.11559	0.783895	38.7297	0.389202	-6.20674
53.5	357.5	14.7718	7.36758	0.354287	88.1633	0.176183	-2.81767
53.5	359.833	14.0655	7.0221	0.0488815	874.155	0.0246803	-0.405131
54.5	348.167	14.803	7.374	0.001214	30035	0.000604743	-0.00977523
54.5	350.5	15.6859	7.80585	0.382971	78.2376	0.189984	-3.02545
54.5	352.833	13.7739	6.88333	0.0307284	1321.84	0.0154418	-0.25213
54.5	355.167	16.5688	8.2377	0.764728	39.1698	0.379362	-6.04112
54.5	357.5	14.9948	7.47414	0.321377	94.3972	0.159526	-2.54349
54.5	359.833	14.2885	7.12866	0.0159712	2532.24	0.00802329	-0.130953
55.5	348.167	14.803	7.374	0.001214	30035	0.000604743	-0.00977523
55.5	350.5	15.6859	7.80585	0.382971	78.2376	0.189984	-3.02545
55.5	352.833	13.7739	6.88333	0.0307284	1321.84	0.0154418	-0.25213
55.5	355.167	16.5688	8.2377	0.764728	39.1698	0.379362	-6.04112
55.5	357.5	14.9948	7.47414	0.321377	94.3972	0.159526	-2.54349
55.5	359.833	14.2885	7.12866	0.0159712	2532.24	0.00802329	-0.130953
56.5	348.167	14.803	7.374	0.001214	30035	0.000604743	-0.00977523
56.5	350.5	15.6859	7.80585	0.382971	78.2376	0.189984	-3.02545
56.5	352.833	13.7739	6.88333	0.0307284	1321.84	0.0154418	-0.25213
56.5	355.167	16.5688	8.2377	0.764728	39.1698	0.379362	-6.04112
56.5	357.5	14.9948	7.47414	0.321377	94.3972	0.159526	-2.54349
56.5	359.833	14.2885	7.12866	0.0159712	2532.24	0.00802329	-0.130953
57.5	348.167	14.803	7.374	0.001214	30035	0.000604743	-0.00977523
57.5	350.5	15.6859	7.80585	0.382971	78.2376	0.189984	-3.02545
57.5	352.833	13.7739	6.88333	0.0307284	1321.84	0.0154418	-0.25213
57.5	355.167	16.5688	8.2377	0.764728	39.1698	0.379362	-6.04112
57.5	357.5	14.9948	7.47414	0.321377	94.3972	0.159526	-2.54349
57.5	359.833	14.2885	7.12866	0.0159712	2532.24	0.00802329	-0.130953
58.5	348.167	14.803	7.374	0.001214	30035	0.000604743	-0.00977523
58.5	350.5	15.6859	7.80585	0.382971	78.2376	0.189984	-3.02545
58.5	352.833	13.7739	6.88333	0.0307284	1321.84	0.0154418	-0.25213
58.5	355.167	16.5688	8.2377	0.764728	39.1698	0.379362	-6.04112
58.5	357.5	14.9948	7.47414	0.321377	94.3972	0.159526	-2.54349
58.5	359.833	14.2885	7.12866	0.0159712	2532.24	0.00802329	-0.130953
59.5	348.167	14.803	7.374	0.001214	30035	0.000604743	-0.00977523
59.5	350.5	14.803	7.374	0.001214	30035	0.000604743	-0.00977523
59.5	352.833	14.803	7.374	0.001214	30035	0.000604743	-0.00977523
59.5	355.167	14.803	7.374	0.001214	30035	0.000604743	-0.00977523
59.5	357.5	14.803	7.374	0.001214	30035	0.000604743	-0.00977523
59.5	359.833	14.803	7.374	0.001214	30035	0.000604743	-0.00977523
