#
# Material map generated with src/programs/Utilities/mkMaterialMap
# generated: Thu Jul 23 20:51:50 2009
#
# Generated with the following parameters:
#    Nr = 58
#    Nz = 6
#  rmin = 2
#  rmax = 60
#  zmin = 175
#  zmax = 189
#
#  sampling points per cell:
#   n_r = 5
#   n_z = 5
# n_phi = 100
#
#  r	z	A	Z	density radlen rhoZ_overA rhoZ_overA_logI
2.5	176.167	22.5006	10.6441	0.001762	16039.5	0.000833841	-0.0131829
2.5	178.5	24.425	11.4616	0.001899	14366	0.000891116	-0.0140348
2.5	180.833	24.425	11.4616	0.001899	14366	0.000891116	-0.0140348
2.5	183.167	24.425	11.4616	0.001899	14366	0.000891116	-0.0140348
2.5	185.5	24.425	11.4616	0.001899	14366	0.000891116	-0.0140348
2.5	187.833	22.5006	10.6441	0.001762	16039.5	0.000833841	-0.0131829
3.5	176.167	22.5006	10.6441	0.001762	16039.5	0.000833841	-0.0131829
3.5	178.5	24.425	11.4616	0.001899	14366	0.000891116	-0.0140348
3.5	180.833	24.425	11.4616	0.001899	14366	0.000891116	-0.0140348
3.5	183.167	24.425	11.4616	0.001899	14366	0.000891116	-0.0140348
3.5	185.5	24.425	11.4616	0.001899	14366	0.000891116	-0.0140348
3.5	187.833	22.5006	10.6441	0.001762	16039.5	0.000833841	-0.0131829
4.5	176.167	22.5006	10.6441	0.001762	16039.5	0.000833841	-0.0131829
4.5	178.5	24.425	11.4616	0.001899	14366	0.000891116	-0.0140348
4.5	180.833	24.425	11.4616	0.001899	14366	0.000891116	-0.0140348
4.5	183.167	24.425	11.4616	0.001899	14366	0.000891116	-0.0140348
4.5	185.5	24.425	11.4616	0.001899	14366	0.000891116	-0.0140348
4.5	187.833	22.5006	10.6441	0.001762	16039.5	0.000833841	-0.0131829
5.5	176.167	22.5006	10.6441	0.001762	16039.5	0.000833841	-0.0131829
5.5	178.5	24.425	11.4616	0.001899	14366	0.000891116	-0.0140348
5.5	180.833	24.425	11.4616	0.001899	14366	0.000891116	-0.0140348
5.5	183.167	24.425	11.4616	0.001899	14366	0.000891116	-0.0140348
5.5	185.5	24.425	11.4616	0.001899	14366	0.000891116	-0.0140348
5.5	187.833	22.5006	10.6441	0.001762	16039.5	0.000833841	-0.0131829
6.5	176.167	22.5006	10.6441	0.001762	16039.5	0.000833841	-0.0131829
6.5	178.5	24.425	11.4616	0.001899	14366	0.000891116	-0.0140348
6.5	180.833	24.425	11.4616	0.001899	14366	0.000891116	-0.0140348
6.5	183.167	24.425	11.4616	0.001899	14366	0.000891116	-0.0140348
6.5	185.5	24.425	11.4616	0.001899	14366	0.000891116	-0.0140348
6.5	187.833	22.5006	10.6441	0.001762	16039.5	0.000833841	-0.0131829
7.5	176.167	22.5006	10.6441	0.001762	16039.5	0.000833841	-0.0131829
7.5	178.5	24.425	11.4616	0.001899	14366	0.000891116	-0.0140348
7.5	180.833	24.425	11.4616	0.001899	14366	0.000891116	-0.0140348
7.5	183.167	24.425	11.4616	0.001899	14366	0.000891116	-0.0140348
7.5	185.5	24.425	11.4616	0.001899	14366	0.000891116	-0.0140348
7.5	187.833	22.5006	10.6441	0.001762	16039.5	0.000833841	-0.0131829
8.5	176.167	22.5006	10.6441	0.001762	16039.5	0.000833841	-0.0131829
8.5	178.5	24.425	11.4616	0.001899	14366	0.000891116	-0.0140348
8.5	180.833	24.425	11.4616	0.001899	14366	0.000891116	-0.0140348
8.5	183.167	24.425	11.4616	0.001899	14366	0.000891116	-0.0140348
8.5	185.5	24.425	11.4616	0.001899	14366	0.000891116	-0.0140348
8.5	187.833	22.5006	10.6441	0.001762	16039.5	0.000833841	-0.0131829
9.5	176.167	22.5006	10.6441	0.001762	16039.5	0.000833841	-0.0131829
9.5	178.5	24.425	11.4616	0.001899	14366	0.000891116	-0.0140348
9.5	180.833	24.425	11.4616	0.001899	14366	0.000891116	-0.0140348
9.5	183.167	24.425	11.4616	0.001899	14366	0.000891116	-0.0140348
9.5	185.5	24.425	11.4616	0.001899	14366	0.000891116	-0.0140348
9.5	187.833	22.5006	10.6441	0.001762	16039.5	0.000833841	-0.0131829
10.5	176.167	22.5006	10.6441	0.001762	16039.5	0.000833841	-0.0131829
10.5	178.5	24.425	11.4616	0.001899	14366	0.000891116	-0.0140348
10.5	180.833	24.425	11.4616	0.001899	14366	0.000891116	-0.0140348
10.5	183.167	24.425	11.4616	0.001899	14366	0.000891116	-0.0140348
10.5	185.5	24.425	11.4616	0.001899	14366	0.000891116	-0.0140348
10.5	187.833	22.5006	10.6441	0.001762	16039.5	0.000833841	-0.0131829
11.5	176.167	22.5006	10.6441	0.001762	16039.5	0.000833841	-0.0131829
11.5	178.5	24.425	11.4616	0.001899	14366	0.000891116	-0.0140348
11.5	180.833	24.425	11.4616	0.001899	14366	0.000891116	-0.0140348
11.5	183.167	24.425	11.4616	0.001899	14366	0.000891116	-0.0140348
11.5	185.5	24.425	11.4616	0.001899	14366	0.000891116	-0.0140348
11.5	187.833	22.5006	10.6441	0.001762	16039.5	0.000833841	-0.0131829
12.5	176.167	22.5006	10.6441	0.001762	16039.5	0.000833841	-0.0131829
12.5	178.5	24.425	11.4616	0.001899	14366	0.000891116	-0.0140348
12.5	180.833	24.425	11.4616	0.001899	14366	0.000891116	-0.0140348
12.5	183.167	24.425	11.4616	0.001899	14366	0.000891116	-0.0140348
12.5	185.5	24.425	11.4616	0.001899	14366	0.000891116	-0.0140348
12.5	187.833	22.5006	10.6441	0.001762	16039.5	0.000833841	-0.0131829
13.5	176.167	22.5006	10.6441	0.001762	16039.5	0.000833841	-0.0131829
13.5	178.5	24.425	11.4616	0.001899	14366	0.000891116	-0.0140348
13.5	180.833	24.425	11.4616	0.001899	14366	0.000891116	-0.0140348
13.5	183.167	24.425	11.4616	0.001899	14366	0.000891116	-0.0140348
13.5	185.5	24.425	11.4616	0.001899	14366	0.000891116	-0.0140348
13.5	187.833	22.5006	10.6441	0.001762	16039.5	0.000833841	-0.0131829
14.5	176.167	22.5006	10.6441	0.001762	16039.5	0.000833841	-0.0131829
14.5	178.5	24.425	11.4616	0.001899	14366	0.000891116	-0.0140348
14.5	180.833	24.425	11.4616	0.001899	14366	0.000891116	-0.0140348
14.5	183.167	24.425	11.4616	0.001899	14366	0.000891116	-0.0140348
14.5	185.5	24.425	11.4616	0.001899	14366	0.000891116	-0.0140348
14.5	187.833	22.5006	10.6441	0.001762	16039.5	0.000833841	-0.0131829
15.5	176.167	22.5006	10.6441	0.001762	16039.5	0.000833841	-0.0131829
15.5	178.5	24.425	11.4616	0.001899	14366	0.000891116	-0.0140348
15.5	180.833	24.425	11.4616	0.001899	14366	0.000891116	-0.0140348
15.5	183.167	24.425	11.4616	0.001899	14366	0.000891116	-0.0140348
15.5	185.5	24.425	11.4616	0.001899	14366	0.000891116	-0.0140348
15.5	187.833	22.5006	10.6441	0.001762	16039.5	0.000833841	-0.0131829
16.5	176.167	22.5006	10.6441	0.001762	16039.5	0.000833841	-0.0131829
16.5	178.5	24.425	11.4616	0.001899	14366	0.000891116	-0.0140348
16.5	180.833	24.425	11.4616	0.001899	14366	0.000891116	-0.0140348
16.5	183.167	24.425	11.4616	0.001899	14366	0.000891116	-0.0140348
16.5	185.5	24.425	11.4616	0.001899	14366	0.000891116	-0.0140348
16.5	187.833	22.5006	10.6441	0.001762	16039.5	0.000833841	-0.0131829
17.5	176.167	22.5006	10.6441	0.001762	16039.5	0.000833841	-0.0131829
17.5	178.5	24.425	11.4616	0.001899	14366	0.000891116	-0.0140348
17.5	180.833	24.425	11.4616	0.001899	14366	0.000891116	-0.0140348
17.5	183.167	24.425	11.4616	0.001899	14366	0.000891116	-0.0140348
17.5	185.5	24.425	11.4616	0.001899	14366	0.000891116	-0.0140348
17.5	187.833	22.5006	10.6441	0.001762	16039.5	0.000833841	-0.0131829
18.5	176.167	22.5006	10.6441	0.001762	16039.5	0.000833841	-0.0131829
18.5	178.5	24.425	11.4616	0.001899	14366	0.000891116	-0.0140348
18.5	180.833	24.425	11.4616	0.001899	14366	0.000891116	-0.0140348
18.5	183.167	24.425	11.4616	0.001899	14366	0.000891116	-0.0140348
18.5	185.5	24.425	11.4616	0.001899	14366	0.000891116	-0.0140348
18.5	187.833	22.5006	10.6441	0.001762	16039.5	0.000833841	-0.0131829
19.5	176.167	22.5006	10.6441	0.001762	16039.5	0.000833841	-0.0131829
19.5	178.5	24.425	11.4616	0.001899	14366	0.000891116	-0.0140348
19.5	180.833	24.425	11.4616	0.001899	14366	0.000891116	-0.0140348
19.5	183.167	24.425	11.4616	0.001899	14366	0.000891116	-0.0140348
19.5	185.5	24.425	11.4616	0.001899	14366	0.000891116	-0.0140348
19.5	187.833	22.5006	10.6441	0.001762	16039.5	0.000833841	-0.0131829
20.5	176.167	22.5006	10.6441	0.001762	16039.5	0.000833841	-0.0131829
20.5	178.5	24.425	11.4616	0.001899	14366	0.000891116	-0.0140348
20.5	180.833	24.425	11.4616	0.001899	14366	0.000891116	-0.0140348
20.5	183.167	24.425	11.4616	0.001899	14366	0.000891116	-0.0140348
20.5	185.5	24.425	11.4616	0.001899	14366	0.000891116	-0.0140348
20.5	187.833	22.5006	10.6441	0.001762	16039.5	0.000833841	-0.0131829
21.5	176.167	22.5006	10.6441	0.001762	16039.5	0.000833841	-0.0131829
21.5	178.5	24.425	11.4616	0.001899	14366	0.000891116	-0.0140348
21.5	180.833	24.425	11.4616	0.001899	14366	0.000891116	-0.0140348
21.5	183.167	24.425	11.4616	0.001899	14366	0.000891116	-0.0140348
21.5	185.5	24.425	11.4616	0.001899	14366	0.000891116	-0.0140348
21.5	187.833	22.5006	10.6441	0.001762	16039.5	0.000833841	-0.0131829
22.5	176.167	22.5006	10.6441	0.001762	16039.5	0.000833841	-0.0131829
22.5	178.5	24.425	11.4616	0.001899	14366	0.000891116	-0.0140348
22.5	180.833	24.425	11.4616	0.001899	14366	0.000891116	-0.0140348
22.5	183.167	24.425	11.4616	0.001899	14366	0.000891116	-0.0140348
22.5	185.5	24.425	11.4616	0.001899	14366	0.000891116	-0.0140348
22.5	187.833	22.5006	10.6441	0.001762	16039.5	0.000833841	-0.0131829
23.5	176.167	22.5006	10.6441	0.001762	16039.5	0.000833841	-0.0131829
23.5	178.5	24.425	11.4616	0.001899	14366	0.000891116	-0.0140348
23.5	180.833	24.425	11.4616	0.001899	14366	0.000891116	-0.0140348
23.5	183.167	24.425	11.4616	0.001899	14366	0.000891116	-0.0140348
23.5	185.5	24.425	11.4616	0.001899	14366	0.000891116	-0.0140348
23.5	187.833	22.5006	10.6441	0.001762	16039.5	0.000833841	-0.0131829
24.5	176.167	22.5006	10.6441	0.001762	16039.5	0.000833841	-0.0131829
24.5	178.5	24.425	11.4616	0.001899	14366	0.000891116	-0.0140348
24.5	180.833	24.425	11.4616	0.001899	14366	0.000891116	-0.0140348
24.5	183.167	24.425	11.4616	0.001899	14366	0.000891116	-0.0140348
24.5	185.5	24.425	11.4616	0.001899	14366	0.000891116	-0.0140348
24.5	187.833	22.5006	10.6441	0.001762	16039.5	0.000833841	-0.0131829
25.5	176.167	22.5006	10.6441	0.001762	16039.5	0.000833841	-0.0131829
25.5	178.5	24.425	11.4616	0.001899	14366	0.000891116	-0.0140348
25.5	180.833	24.425	11.4616	0.001899	14366	0.000891116	-0.0140348
25.5	183.167	24.425	11.4616	0.001899	14366	0.000891116	-0.0140348
25.5	185.5	24.425	11.4616	0.001899	14366	0.000891116	-0.0140348
25.5	187.833	22.5006	10.6441	0.001762	16039.5	0.000833841	-0.0131829
26.5	176.167	22.5006	10.6441	0.001762	16039.5	0.000833841	-0.0131829
26.5	178.5	24.425	11.4616	0.001899	14366	0.000891116	-0.0140348
26.5	180.833	24.425	11.4616	0.001899	14366	0.000891116	-0.0140348
26.5	183.167	24.425	11.4616	0.001899	14366	0.000891116	-0.0140348
26.5	185.5	24.425	11.4616	0.001899	14366	0.000891116	-0.0140348
26.5	187.833	22.5006	10.6441	0.001762	16039.5	0.000833841	-0.0131829
27.5	176.167	22.5006	10.6441	0.001762	16039.5	0.000833841	-0.0131829
27.5	178.5	24.425	11.4616	0.001899	14366	0.000891116	-0.0140348
27.5	180.833	24.425	11.4616	0.001899	14366	0.000891116	-0.0140348
27.5	183.167	24.425	11.4616	0.001899	14366	0.000891116	-0.0140348
27.5	185.5	24.425	11.4616	0.001899	14366	0.000891116	-0.0140348
27.5	187.833	22.5006	10.6441	0.001762	16039.5	0.000833841	-0.0131829
28.5	176.167	22.5006	10.6441	0.001762	16039.5	0.000833841	-0.0131829
28.5	178.5	24.425	11.4616	0.001899	14366	0.000891116	-0.0140348
28.5	180.833	24.425	11.4616	0.001899	14366	0.000891116	-0.0140348
28.5	183.167	24.425	11.4616	0.001899	14366	0.000891116	-0.0140348
28.5	185.5	24.425	11.4616	0.001899	14366	0.000891116	-0.0140348
28.5	187.833	22.5006	10.6441	0.001762	16039.5	0.000833841	-0.0131829
29.5	176.167	22.5006	10.6441	0.001762	16039.5	0.000833841	-0.0131829
29.5	178.5	24.425	11.4616	0.001899	14366	0.000891116	-0.0140348
29.5	180.833	24.425	11.4616	0.001899	14366	0.000891116	-0.0140348
29.5	183.167	24.425	11.4616	0.001899	14366	0.000891116	-0.0140348
29.5	185.5	24.425	11.4616	0.001899	14366	0.000891116	-0.0140348
29.5	187.833	22.5006	10.6441	0.001762	16039.5	0.000833841	-0.0131829
30.5	176.167	22.5006	10.6441	0.001762	16039.5	0.000833841	-0.0131829
30.5	178.5	24.425	11.4616	0.001899	14366	0.000891116	-0.0140348
30.5	180.833	24.425	11.4616	0.001899	14366	0.000891116	-0.0140348
30.5	183.167	24.425	11.4616	0.001899	14366	0.000891116	-0.0140348
30.5	185.5	24.425	11.4616	0.001899	14366	0.000891116	-0.0140348
30.5	187.833	22.5006	10.6441	0.001762	16039.5	0.000833841	-0.0131829
31.5	176.167	22.5006	10.6441	0.001762	16039.5	0.000833841	-0.0131829
31.5	178.5	24.425	11.4616	0.001899	14366	0.000891116	-0.0140348
31.5	180.833	24.425	11.4616	0.001899	14366	0.000891116	-0.0140348
31.5	183.167	24.425	11.4616	0.001899	14366	0.000891116	-0.0140348
31.5	185.5	24.425	11.4616	0.001899	14366	0.000891116	-0.0140348
31.5	187.833	22.5006	10.6441	0.001762	16039.5	0.000833841	-0.0131829
32.5	176.167	22.5006	10.6441	0.001762	16039.5	0.000833841	-0.0131829
32.5	178.5	24.425	11.4616	0.001899	14366	0.000891116	-0.0140348
32.5	180.833	24.425	11.4616	0.001899	14366	0.000891116	-0.0140348
32.5	183.167	24.425	11.4616	0.001899	14366	0.000891116	-0.0140348
32.5	185.5	24.425	11.4616	0.001899	14366	0.000891116	-0.0140348
32.5	187.833	22.5006	10.6441	0.001762	16039.5	0.000833841	-0.0131829
33.5	176.167	22.5006	10.6441	0.001762	16039.5	0.000833841	-0.0131829
33.5	178.5	24.425	11.4616	0.001899	14366	0.000891116	-0.0140348
33.5	180.833	24.425	11.4616	0.001899	14366	0.000891116	-0.0140348
33.5	183.167	24.425	11.4616	0.001899	14366	0.000891116	-0.0140348
33.5	185.5	24.425	11.4616	0.001899	14366	0.000891116	-0.0140348
33.5	187.833	22.5006	10.6441	0.001762	16039.5	0.000833841	-0.0131829
34.5	176.167	22.5006	10.6441	0.001762	16039.5	0.000833841	-0.0131829
34.5	178.5	24.425	11.4616	0.001899	14366	0.000891116	-0.0140348
34.5	180.833	24.425	11.4616	0.001899	14366	0.000891116	-0.0140348
34.5	183.167	24.425	11.4616	0.001899	14366	0.000891116	-0.0140348
34.5	185.5	24.425	11.4616	0.001899	14366	0.000891116	-0.0140348
34.5	187.833	22.5006	10.6441	0.001762	16039.5	0.000833841	-0.0131829
35.5	176.167	22.5006	10.6441	0.001762	16039.5	0.000833841	-0.0131829
35.5	178.5	24.425	11.4616	0.001899	14366	0.000891116	-0.0140348
35.5	180.833	24.425	11.4616	0.001899	14366	0.000891116	-0.0140348
35.5	183.167	24.425	11.4616	0.001899	14366	0.000891116	-0.0140348
35.5	185.5	24.425	11.4616	0.001899	14366	0.000891116	-0.0140348
35.5	187.833	22.5006	10.6441	0.001762	16039.5	0.000833841	-0.0131829
36.5	176.167	22.5006	10.6441	0.001762	16039.5	0.000833841	-0.0131829
36.5	178.5	24.425	11.4616	0.001899	14366	0.000891116	-0.0140348
36.5	180.833	24.425	11.4616	0.001899	14366	0.000891116	-0.0140348
36.5	183.167	24.425	11.4616	0.001899	14366	0.000891116	-0.0140348
36.5	185.5	24.425	11.4616	0.001899	14366	0.000891116	-0.0140348
36.5	187.833	22.5006	10.6441	0.001762	16039.5	0.000833841	-0.0131829
37.5	176.167	22.5006	10.6441	0.001762	16039.5	0.000833841	-0.0131829
37.5	178.5	24.425	11.4616	0.001899	14366	0.000891116	-0.0140348
37.5	180.833	24.425	11.4616	0.001899	14366	0.000891116	-0.0140348
37.5	183.167	24.425	11.4616	0.001899	14366	0.000891116	-0.0140348
37.5	185.5	24.425	11.4616	0.001899	14366	0.000891116	-0.0140348
37.5	187.833	22.5006	10.6441	0.001762	16039.5	0.000833841	-0.0131829
38.5	176.167	22.5006	10.6441	0.001762	16039.5	0.000833841	-0.0131829
38.5	178.5	24.425	11.4616	0.001899	14366	0.000891116	-0.0140348
38.5	180.833	24.425	11.4616	0.001899	14366	0.000891116	-0.0140348
38.5	183.167	24.425	11.4616	0.001899	14366	0.000891116	-0.0140348
38.5	185.5	24.425	11.4616	0.001899	14366	0.000891116	-0.0140348
38.5	187.833	22.5006	10.6441	0.001762	16039.5	0.000833841	-0.0131829
39.5	176.167	22.5006	10.6441	0.001762	16039.5	0.000833841	-0.0131829
39.5	178.5	24.425	11.4616	0.001899	14366	0.000891116	-0.0140348
39.5	180.833	24.425	11.4616	0.001899	14366	0.000891116	-0.0140348
39.5	183.167	24.425	11.4616	0.001899	14366	0.000891116	-0.0140348
39.5	185.5	24.425	11.4616	0.001899	14366	0.000891116	-0.0140348
39.5	187.833	22.5006	10.6441	0.001762	16039.5	0.000833841	-0.0131829
40.5	176.167	22.5006	10.6441	0.001762	16039.5	0.000833841	-0.0131829
40.5	178.5	24.425	11.4616	0.001899	14366	0.000891116	-0.0140348
40.5	180.833	24.425	11.4616	0.001899	14366	0.000891116	-0.0140348
40.5	183.167	24.425	11.4616	0.001899	14366	0.000891116	-0.0140348
40.5	185.5	24.425	11.4616	0.001899	14366	0.000891116	-0.0140348
40.5	187.833	22.5006	10.6441	0.001762	16039.5	0.000833841	-0.0131829
41.5	176.167	22.5006	10.6441	0.001762	16039.5	0.000833841	-0.0131829
41.5	178.5	24.425	11.4616	0.001899	14366	0.000891116	-0.0140348
41.5	180.833	24.425	11.4616	0.001899	14366	0.000891116	-0.0140348
41.5	183.167	24.425	11.4616	0.001899	14366	0.000891116	-0.0140348
41.5	185.5	24.425	11.4616	0.001899	14366	0.000891116	-0.0140348
41.5	187.833	22.5006	10.6441	0.001762	16039.5	0.000833841	-0.0131829
42.5	176.167	22.5006	10.6441	0.001762	16039.5	0.000833841	-0.0131829
42.5	178.5	24.425	11.4616	0.001899	14366	0.000891116	-0.0140348
42.5	180.833	24.425	11.4616	0.001899	14366	0.000891116	-0.0140348
42.5	183.167	24.425	11.4616	0.001899	14366	0.000891116	-0.0140348
42.5	185.5	24.425	11.4616	0.001899	14366	0.000891116	-0.0140348
42.5	187.833	22.5006	10.6441	0.001762	16039.5	0.000833841	-0.0131829
43.5	176.167	22.5006	10.6441	0.001762	16039.5	0.000833841	-0.0131829
43.5	178.5	24.425	11.4616	0.001899	14366	0.000891116	-0.0140348
43.5	180.833	24.425	11.4616	0.001899	14366	0.000891116	-0.0140348
43.5	183.167	24.425	11.4616	0.001899	14366	0.000891116	-0.0140348
43.5	185.5	24.425	11.4616	0.001899	14366	0.000891116	-0.0140348
43.5	187.833	22.5006	10.6441	0.001762	16039.5	0.000833841	-0.0131829
44.5	176.167	22.5006	10.6441	0.001762	16039.5	0.000833841	-0.0131829
44.5	178.5	24.425	11.4616	0.001899	14366	0.000891116	-0.0140348
44.5	180.833	24.425	11.4616	0.001899	14366	0.000891116	-0.0140348
44.5	183.167	24.425	11.4616	0.001899	14366	0.000891116	-0.0140348
44.5	185.5	24.425	11.4616	0.001899	14366	0.000891116	-0.0140348
44.5	187.833	22.5006	10.6441	0.001762	16039.5	0.000833841	-0.0131829
45.5	176.167	22.5006	10.6441	0.001762	16039.5	0.000833841	-0.0131829
45.5	178.5	24.425	11.4616	0.001899	14366	0.000891116	-0.0140348
45.5	180.833	24.425	11.4616	0.001899	14366	0.000891116	-0.0140348
45.5	183.167	24.425	11.4616	0.001899	14366	0.000891116	-0.0140348
45.5	185.5	24.425	11.4616	0.001899	14366	0.000891116	-0.0140348
45.5	187.833	22.5006	10.6441	0.001762	16039.5	0.000833841	-0.0131829
46.5	176.167	22.5006	10.6441	0.001762	16039.5	0.000833841	-0.0131829
46.5	178.5	24.425	11.4616	0.001899	14366	0.000891116	-0.0140348
46.5	180.833	24.425	11.4616	0.001899	14366	0.000891116	-0.0140348
46.5	183.167	24.425	11.4616	0.001899	14366	0.000891116	-0.0140348
46.5	185.5	24.425	11.4616	0.001899	14366	0.000891116	-0.0140348
46.5	187.833	22.5006	10.6441	0.001762	16039.5	0.000833841	-0.0131829
47.5	176.167	22.5006	10.6441	0.001762	16039.5	0.000833841	-0.0131829
47.5	178.5	24.425	11.4616	0.001899	14366	0.000891116	-0.0140348
47.5	180.833	24.425	11.4616	0.001899	14366	0.000891116	-0.0140348
47.5	183.167	24.425	11.4616	0.001899	14366	0.000891116	-0.0140348
47.5	185.5	24.425	11.4616	0.001899	14366	0.000891116	-0.0140348
47.5	187.833	22.5006	10.6441	0.001762	16039.5	0.000833841	-0.0131829
48.5	176.167	23.1635	10.9536	0.153597	115.669	0.0719357	-1.09657
48.5	178.5	24.0084	11.3073	0.154547	193.573	0.0766197	-1.21996
48.5	180.833	24.425	11.4616	0.001899	14366	0.000891116	-0.0140348
48.5	183.167	24.425	11.4616	0.001899	14366	0.000891116	-0.0140348
48.5	185.5	25.0051	11.7324	0.134754	131.931	0.0631052	-0.961999
48.5	187.833	22.5006	10.6441	0.001762	16039.5	0.000833841	-0.0131829
49.5	176.167	23.4127	11.1259	0.689851	26.6901	0.324725	-4.97554
49.5	178.5	21.7017	10.3476	0.422345	73.04	0.209873	-3.35254
49.5	180.833	22.3594	10.5656	0.0432127	989.637	0.0218038	-0.35819
49.5	183.167	22.276	10.5297	0.0435027	982.871	0.02195	-0.360581
49.5	185.5	24.9148	11.7594	0.717902	26.358	0.339111	-5.21532
49.5	187.833	21.3536	10.176	0.149701	200.493	0.0742396	-1.18244
50.5	176.167	12.3847	6.21947	0.234243	185.555	0.118446	-1.94758
50.5	178.5	14.2967	7.142	0.586486	57.4241	0.292988	-4.7209
50.5	180.833	12.8992	6.46481	0.219486	198.901	0.111027	-1.8264
50.5	183.167	12.4876	6.26854	0.231291	188.079	0.116962	-1.92335
50.5	185.5	12.0246	6.04629	0.408243	107.541	0.206613	-3.40068
50.5	187.833	16.5688	8.2377	0.764728	39.1698	0.379362	-6.04112
51.5	176.167	12.379	6.21819	0.451649	87.7662	0.22689	-3.70061
51.5	178.5	14.2967	7.142	0.586486	57.4241	0.292988	-4.7209
51.5	180.833	12.8992	6.46481	0.219486	198.901	0.111027	-1.8264
51.5	183.167	12.4876	6.26854	0.231291	188.079	0.116962	-1.92335
51.5	185.5	12.0246	6.04629	0.408243	107.541	0.206613	-3.40068
51.5	187.833	16.6524	8.27684	0.839406	35.9016	0.41631	-6.63357
52.5	176.167	12.4111	6.23402	0.520228	75.1648	0.261082	-4.2529
52.5	178.5	14.3074	7.14711	0.59121	56.9959	0.295338	-4.75883
52.5	180.833	12.9229	6.4762	0.229122	188.466	0.115821	-1.90357
52.5	183.167	12.5211	6.28469	0.245519	174.644	0.124044	-2.03738
52.5	185.5	12.0521	6.05956	0.418331	104.23	0.211626	-3.48125
52.5	187.833	16.8175	8.35251	0.825051	35.7458	0.408503	-6.49793
53.5	176.167	14.0643	7.02185	0.0918191	429.206	0.0460979	-0.751353
53.5	178.5	16.314	8.11559	0.783895	38.7297	0.389202	-6.20674
53.5	180.833	14.7718	7.36758	0.354287	88.1633	0.176183	-2.81767
53.5	183.167	14.0655	7.0221	0.0488815	874.155	0.0246803	-0.405131
53.5	185.5	13.9238	6.9543	0.0794602	544.697	0.0401651	-0.660163
53.5	187.833	16.5883	8.2467	0.769046	38.8953	0.381443	-6.07364
54.5	176.167	15.3704	7.60714	0.101065	195.797	0.0473348	-0.730301
54.5	178.5	16.5688	8.2377	0.764728	39.1698	0.379362	-6.04112
54.5	180.833	14.9948	7.47414	0.321377	94.3972	0.159526	-2.54349
54.5	183.167	15.3704	7.60714	0.101065	195.797	0.0473348	-0.730301
54.5	185.5	14.2885	7.12866	0.0159712	2532.24	0.00802329	-0.130953
54.5	187.833	16.5688	8.2377	0.764728	39.1698	0.379362	-6.04112
55.5	176.167	19.6983	9.52103	0.441438	41.7414	0.204581	-3.12769
55.5	178.5	16.5688	8.2377	0.764728	39.1698	0.379362	-6.04112
55.5	180.833	14.9948	7.47414	0.321377	94.3972	0.159526	-2.54349
55.5	183.167	19.6983	9.52103	0.441438	41.7414	0.204581	-3.12769
55.5	185.5	14.2885	7.12866	0.0159712	2532.24	0.00802329	-0.130953
55.5	187.833	16.5688	8.2377	0.764728	39.1698	0.379362	-6.04112
56.5	176.167	19.6983	9.52103	0.441438	41.7414	0.204581	-3.12769
56.5	178.5	16.5688	8.2377	0.764728	39.1698	0.379362	-6.04112
56.5	180.833	14.9948	7.47414	0.321377	94.3972	0.159526	-2.54349
56.5	183.167	19.6983	9.52103	0.441438	41.7414	0.204581	-3.12769
56.5	185.5	14.2885	7.12866	0.0159712	2532.24	0.00802329	-0.130953
56.5	187.833	16.5688	8.2377	0.764728	39.1698	0.379362	-6.04112
57.5	176.167	19.6983	9.52103	0.441438	41.7414	0.204581	-3.12769
57.5	178.5	16.5688	8.2377	0.764728	39.1698	0.379362	-6.04112
57.5	180.833	14.9948	7.47414	0.321377	94.3972	0.159526	-2.54349
57.5	183.167	19.6983	9.52103	0.441438	41.7414	0.204581	-3.12769
57.5	185.5	14.2885	7.12866	0.0159712	2532.24	0.00802329	-0.130953
57.5	187.833	16.5688	8.2377	0.764728	39.1698	0.379362	-6.04112
58.5	176.167	19.6983	9.52103	0.441438	41.7414	0.204581	-3.12769
58.5	178.5	16.5688	8.2377	0.764728	39.1698	0.379362	-6.04112
58.5	180.833	14.9948	7.47414	0.321377	94.3972	0.159526	-2.54349
58.5	183.167	19.6983	9.52103	0.441438	41.7414	0.204581	-3.12769
58.5	185.5	14.2885	7.12866	0.0159712	2532.24	0.00802329	-0.130953
58.5	187.833	16.5688	8.2377	0.764728	39.1698	0.379362	-6.04112
59.5	176.167	20.2129	9.76636	0.426681	42.3811	0.197162	-3.00652
59.5	178.5	14.803	7.374	0.001214	30035	0.000604743	-0.00977523
59.5	180.833	14.803	7.374	0.001214	30035	0.000604743	-0.00977523
59.5	183.167	20.2129	9.76636	0.426681	42.3811	0.197162	-3.00652
59.5	185.5	14.803	7.374	0.001214	30035	0.000604743	-0.00977523
59.5	187.833	14.803	7.374	0.001214	30035	0.000604743	-0.00977523
