#
# Material map generated with src/programs/Utilities/mkMaterialMap
# generated: Thu Jul 23 20:51:51 2009
#
# Generated with the following parameters:
#    Nr = 58
#    Nz = 6
#  rmin = 2
#  rmax = 60
#  zmin = 232
#  zmax = 246
#
#  sampling points per cell:
#   n_r = 5
#   n_z = 5
# n_phi = 100
#
#  r	z	A	Z	density radlen rhoZ_overA rhoZ_overA_logI
2.5	233.167	20.5762	9.82655	0.001625	18154.4	0.000776567	-0.012331
2.5	235.5	24.425	11.4616	0.001899	14366	0.000891116	-0.0140348
2.5	237.833	24.425	11.4616	0.001899	14366	0.000891116	-0.0140348
2.5	240.167	24.425	11.4616	0.001899	14366	0.000891116	-0.0140348
2.5	242.5	24.425	11.4616	0.001899	14366	0.000891116	-0.0140348
2.5	244.833	24.425	11.4616	0.001899	14366	0.000891116	-0.0140348
3.5	233.167	20.5762	9.82655	0.001625	18154.4	0.000776567	-0.012331
3.5	235.5	24.425	11.4616	0.001899	14366	0.000891116	-0.0140348
3.5	237.833	24.425	11.4616	0.001899	14366	0.000891116	-0.0140348
3.5	240.167	24.425	11.4616	0.001899	14366	0.000891116	-0.0140348
3.5	242.5	24.425	11.4616	0.001899	14366	0.000891116	-0.0140348
3.5	244.833	24.425	11.4616	0.001899	14366	0.000891116	-0.0140348
4.5	233.167	20.5762	9.82655	0.001625	18154.4	0.000776567	-0.012331
4.5	235.5	24.425	11.4616	0.001899	14366	0.000891116	-0.0140348
4.5	237.833	24.425	11.4616	0.001899	14366	0.000891116	-0.0140348
4.5	240.167	24.425	11.4616	0.001899	14366	0.000891116	-0.0140348
4.5	242.5	24.425	11.4616	0.001899	14366	0.000891116	-0.0140348
4.5	244.833	24.425	11.4616	0.001899	14366	0.000891116	-0.0140348
5.5	233.167	20.5762	9.82655	0.001625	18154.4	0.000776567	-0.012331
5.5	235.5	24.425	11.4616	0.001899	14366	0.000891116	-0.0140348
5.5	237.833	24.425	11.4616	0.001899	14366	0.000891116	-0.0140348
5.5	240.167	24.425	11.4616	0.001899	14366	0.000891116	-0.0140348
5.5	242.5	24.425	11.4616	0.001899	14366	0.000891116	-0.0140348
5.5	244.833	24.425	11.4616	0.001899	14366	0.000891116	-0.0140348
6.5	233.167	20.5762	9.82655	0.001625	18154.4	0.000776567	-0.012331
6.5	235.5	24.425	11.4616	0.001899	14366	0.000891116	-0.0140348
6.5	237.833	24.425	11.4616	0.001899	14366	0.000891116	-0.0140348
6.5	240.167	24.425	11.4616	0.001899	14366	0.000891116	-0.0140348
6.5	242.5	24.425	11.4616	0.001899	14366	0.000891116	-0.0140348
6.5	244.833	24.425	11.4616	0.001899	14366	0.000891116	-0.0140348
7.5	233.167	20.5762	9.82655	0.001625	18154.4	0.000776567	-0.012331
7.5	235.5	24.425	11.4616	0.001899	14366	0.000891116	-0.0140348
7.5	237.833	24.425	11.4616	0.001899	14366	0.000891116	-0.0140348
7.5	240.167	24.425	11.4616	0.001899	14366	0.000891116	-0.0140348
7.5	242.5	24.425	11.4616	0.001899	14366	0.000891116	-0.0140348
7.5	244.833	24.425	11.4616	0.001899	14366	0.000891116	-0.0140348
8.5	233.167	20.5762	9.82655	0.001625	18154.4	0.000776567	-0.012331
8.5	235.5	24.425	11.4616	0.001899	14366	0.000891116	-0.0140348
8.5	237.833	24.425	11.4616	0.001899	14366	0.000891116	-0.0140348
8.5	240.167	24.425	11.4616	0.001899	14366	0.000891116	-0.0140348
8.5	242.5	24.425	11.4616	0.001899	14366	0.000891116	-0.0140348
8.5	244.833	24.425	11.4616	0.001899	14366	0.000891116	-0.0140348
9.5	233.167	20.5762	9.82655	0.001625	18154.4	0.000776567	-0.012331
9.5	235.5	24.425	11.4616	0.001899	14366	0.000891116	-0.0140348
9.5	237.833	24.425	11.4616	0.001899	14366	0.000891116	-0.0140348
9.5	240.167	24.425	11.4616	0.001899	14366	0.000891116	-0.0140348
9.5	242.5	24.425	11.4616	0.001899	14366	0.000891116	-0.0140348
9.5	244.833	24.425	11.4616	0.001899	14366	0.000891116	-0.0140348
10.5	233.167	20.5762	9.82655	0.001625	18154.4	0.000776567	-0.012331
10.5	235.5	24.425	11.4616	0.001899	14366	0.000891116	-0.0140348
10.5	237.833	24.425	11.4616	0.001899	14366	0.000891116	-0.0140348
10.5	240.167	24.425	11.4616	0.001899	14366	0.000891116	-0.0140348
10.5	242.5	24.425	11.4616	0.001899	14366	0.000891116	-0.0140348
10.5	244.833	24.425	11.4616	0.001899	14366	0.000891116	-0.0140348
11.5	233.167	20.5762	9.82655	0.001625	18154.4	0.000776567	-0.012331
11.5	235.5	24.425	11.4616	0.001899	14366	0.000891116	-0.0140348
11.5	237.833	24.425	11.4616	0.001899	14366	0.000891116	-0.0140348
11.5	240.167	24.425	11.4616	0.001899	14366	0.000891116	-0.0140348
11.5	242.5	24.425	11.4616	0.001899	14366	0.000891116	-0.0140348
11.5	244.833	24.425	11.4616	0.001899	14366	0.000891116	-0.0140348
12.5	233.167	20.5762	9.82655	0.001625	18154.4	0.000776567	-0.012331
12.5	235.5	24.425	11.4616	0.001899	14366	0.000891116	-0.0140348
12.5	237.833	24.425	11.4616	0.001899	14366	0.000891116	-0.0140348
12.5	240.167	24.425	11.4616	0.001899	14366	0.000891116	-0.0140348
12.5	242.5	24.425	11.4616	0.001899	14366	0.000891116	-0.0140348
12.5	244.833	24.425	11.4616	0.001899	14366	0.000891116	-0.0140348
13.5	233.167	20.5762	9.82655	0.001625	18154.4	0.000776567	-0.012331
13.5	235.5	24.425	11.4616	0.001899	14366	0.000891116	-0.0140348
13.5	237.833	24.425	11.4616	0.001899	14366	0.000891116	-0.0140348
13.5	240.167	24.425	11.4616	0.001899	14366	0.000891116	-0.0140348
13.5	242.5	24.425	11.4616	0.001899	14366	0.000891116	-0.0140348
13.5	244.833	24.425	11.4616	0.001899	14366	0.000891116	-0.0140348
14.5	233.167	20.5762	9.82655	0.001625	18154.4	0.000776567	-0.012331
14.5	235.5	24.425	11.4616	0.001899	14366	0.000891116	-0.0140348
14.5	237.833	24.425	11.4616	0.001899	14366	0.000891116	-0.0140348
14.5	240.167	24.425	11.4616	0.001899	14366	0.000891116	-0.0140348
14.5	242.5	24.425	11.4616	0.001899	14366	0.000891116	-0.0140348
14.5	244.833	24.425	11.4616	0.001899	14366	0.000891116	-0.0140348
15.5	233.167	20.5762	9.82655	0.001625	18154.4	0.000776567	-0.012331
15.5	235.5	24.425	11.4616	0.001899	14366	0.000891116	-0.0140348
15.5	237.833	24.425	11.4616	0.001899	14366	0.000891116	-0.0140348
15.5	240.167	24.425	11.4616	0.001899	14366	0.000891116	-0.0140348
15.5	242.5	24.425	11.4616	0.001899	14366	0.000891116	-0.0140348
15.5	244.833	24.425	11.4616	0.001899	14366	0.000891116	-0.0140348
16.5	233.167	20.5762	9.82655	0.001625	18154.4	0.000776567	-0.012331
16.5	235.5	24.425	11.4616	0.001899	14366	0.000891116	-0.0140348
16.5	237.833	24.425	11.4616	0.001899	14366	0.000891116	-0.0140348
16.5	240.167	24.425	11.4616	0.001899	14366	0.000891116	-0.0140348
16.5	242.5	24.425	11.4616	0.001899	14366	0.000891116	-0.0140348
16.5	244.833	24.425	11.4616	0.001899	14366	0.000891116	-0.0140348
17.5	233.167	20.5762	9.82655	0.001625	18154.4	0.000776567	-0.012331
17.5	235.5	24.425	11.4616	0.001899	14366	0.000891116	-0.0140348
17.5	237.833	24.425	11.4616	0.001899	14366	0.000891116	-0.0140348
17.5	240.167	24.425	11.4616	0.001899	14366	0.000891116	-0.0140348
17.5	242.5	24.425	11.4616	0.001899	14366	0.000891116	-0.0140348
17.5	244.833	24.425	11.4616	0.001899	14366	0.000891116	-0.0140348
18.5	233.167	20.5762	9.82655	0.001625	18154.4	0.000776567	-0.012331
18.5	235.5	24.425	11.4616	0.001899	14366	0.000891116	-0.0140348
18.5	237.833	24.425	11.4616	0.001899	14366	0.000891116	-0.0140348
18.5	240.167	24.425	11.4616	0.001899	14366	0.000891116	-0.0140348
18.5	242.5	24.425	11.4616	0.001899	14366	0.000891116	-0.0140348
18.5	244.833	24.425	11.4616	0.001899	14366	0.000891116	-0.0140348
19.5	233.167	20.5762	9.82655	0.001625	18154.4	0.000776567	-0.012331
19.5	235.5	24.425	11.4616	0.001899	14366	0.000891116	-0.0140348
19.5	237.833	24.425	11.4616	0.001899	14366	0.000891116	-0.0140348
19.5	240.167	24.425	11.4616	0.001899	14366	0.000891116	-0.0140348
19.5	242.5	24.425	11.4616	0.001899	14366	0.000891116	-0.0140348
19.5	244.833	24.425	11.4616	0.001899	14366	0.000891116	-0.0140348
20.5	233.167	20.5762	9.82655	0.001625	18154.4	0.000776567	-0.012331
20.5	235.5	24.425	11.4616	0.001899	14366	0.000891116	-0.0140348
20.5	237.833	24.425	11.4616	0.001899	14366	0.000891116	-0.0140348
20.5	240.167	24.425	11.4616	0.001899	14366	0.000891116	-0.0140348
20.5	242.5	24.425	11.4616	0.001899	14366	0.000891116	-0.0140348
20.5	244.833	24.425	11.4616	0.001899	14366	0.000891116	-0.0140348
21.5	233.167	20.5762	9.82655	0.001625	18154.4	0.000776567	-0.012331
21.5	235.5	24.425	11.4616	0.001899	14366	0.000891116	-0.0140348
21.5	237.833	24.425	11.4616	0.001899	14366	0.000891116	-0.0140348
21.5	240.167	24.425	11.4616	0.001899	14366	0.000891116	-0.0140348
21.5	242.5	24.425	11.4616	0.001899	14366	0.000891116	-0.0140348
21.5	244.833	24.425	11.4616	0.001899	14366	0.000891116	-0.0140348
22.5	233.167	20.5762	9.82655	0.001625	18154.4	0.000776567	-0.012331
22.5	235.5	24.425	11.4616	0.001899	14366	0.000891116	-0.0140348
22.5	237.833	24.425	11.4616	0.001899	14366	0.000891116	-0.0140348
22.5	240.167	24.425	11.4616	0.001899	14366	0.000891116	-0.0140348
22.5	242.5	24.425	11.4616	0.001899	14366	0.000891116	-0.0140348
22.5	244.833	24.425	11.4616	0.001899	14366	0.000891116	-0.0140348
23.5	233.167	20.5762	9.82655	0.001625	18154.4	0.000776567	-0.012331
23.5	235.5	24.425	11.4616	0.001899	14366	0.000891116	-0.0140348
23.5	237.833	24.425	11.4616	0.001899	14366	0.000891116	-0.0140348
23.5	240.167	24.425	11.4616	0.001899	14366	0.000891116	-0.0140348
23.5	242.5	24.425	11.4616	0.001899	14366	0.000891116	-0.0140348
23.5	244.833	24.425	11.4616	0.001899	14366	0.000891116	-0.0140348
24.5	233.167	20.5762	9.82655	0.001625	18154.4	0.000776567	-0.012331
24.5	235.5	24.425	11.4616	0.001899	14366	0.000891116	-0.0140348
24.5	237.833	24.425	11.4616	0.001899	14366	0.000891116	-0.0140348
24.5	240.167	24.425	11.4616	0.001899	14366	0.000891116	-0.0140348
24.5	242.5	24.425	11.4616	0.001899	14366	0.000891116	-0.0140348
24.5	244.833	24.425	11.4616	0.001899	14366	0.000891116	-0.0140348
25.5	233.167	20.5762	9.82655	0.001625	18154.4	0.000776567	-0.012331
25.5	235.5	24.425	11.4616	0.001899	14366	0.000891116	-0.0140348
25.5	237.833	24.425	11.4616	0.001899	14366	0.000891116	-0.0140348
25.5	240.167	24.425	11.4616	0.001899	14366	0.000891116	-0.0140348
25.5	242.5	24.425	11.4616	0.001899	14366	0.000891116	-0.0140348
25.5	244.833	24.425	11.4616	0.001899	14366	0.000891116	-0.0140348
26.5	233.167	20.5762	9.82655	0.001625	18154.4	0.000776567	-0.012331
26.5	235.5	24.425	11.4616	0.001899	14366	0.000891116	-0.0140348
26.5	237.833	24.425	11.4616	0.001899	14366	0.000891116	-0.0140348
26.5	240.167	24.425	11.4616	0.001899	14366	0.000891116	-0.0140348
26.5	242.5	24.425	11.4616	0.001899	14366	0.000891116	-0.0140348
26.5	244.833	24.425	11.4616	0.001899	14366	0.000891116	-0.0140348
27.5	233.167	20.5762	9.82655	0.001625	18154.4	0.000776567	-0.012331
27.5	235.5	24.425	11.4616	0.001899	14366	0.000891116	-0.0140348
27.5	237.833	24.425	11.4616	0.001899	14366	0.000891116	-0.0140348
27.5	240.167	24.425	11.4616	0.001899	14366	0.000891116	-0.0140348
27.5	242.5	24.425	11.4616	0.001899	14366	0.000891116	-0.0140348
27.5	244.833	24.425	11.4616	0.001899	14366	0.000891116	-0.0140348
28.5	233.167	20.5762	9.82655	0.001625	18154.4	0.000776567	-0.012331
28.5	235.5	24.425	11.4616	0.001899	14366	0.000891116	-0.0140348
28.5	237.833	24.425	11.4616	0.001899	14366	0.000891116	-0.0140348
28.5	240.167	24.425	11.4616	0.001899	14366	0.000891116	-0.0140348
28.5	242.5	24.425	11.4616	0.001899	14366	0.000891116	-0.0140348
28.5	244.833	24.425	11.4616	0.001899	14366	0.000891116	-0.0140348
29.5	233.167	20.5762	9.82655	0.001625	18154.4	0.000776567	-0.012331
29.5	235.5	24.425	11.4616	0.001899	14366	0.000891116	-0.0140348
29.5	237.833	24.425	11.4616	0.001899	14366	0.000891116	-0.0140348
29.5	240.167	24.425	11.4616	0.001899	14366	0.000891116	-0.0140348
29.5	242.5	24.425	11.4616	0.001899	14366	0.000891116	-0.0140348
29.5	244.833	24.425	11.4616	0.001899	14366	0.000891116	-0.0140348
30.5	233.167	20.5762	9.82655	0.001625	18154.4	0.000776567	-0.012331
30.5	235.5	24.425	11.4616	0.001899	14366	0.000891116	-0.0140348
30.5	237.833	24.425	11.4616	0.001899	14366	0.000891116	-0.0140348
30.5	240.167	24.425	11.4616	0.001899	14366	0.000891116	-0.0140348
30.5	242.5	24.425	11.4616	0.001899	14366	0.000891116	-0.0140348
30.5	244.833	24.425	11.4616	0.001899	14366	0.000891116	-0.0140348
31.5	233.167	20.5762	9.82655	0.001625	18154.4	0.000776567	-0.012331
31.5	235.5	24.425	11.4616	0.001899	14366	0.000891116	-0.0140348
31.5	237.833	24.425	11.4616	0.001899	14366	0.000891116	-0.0140348
31.5	240.167	24.425	11.4616	0.001899	14366	0.000891116	-0.0140348
31.5	242.5	24.425	11.4616	0.001899	14366	0.000891116	-0.0140348
31.5	244.833	24.425	11.4616	0.001899	14366	0.000891116	-0.0140348
32.5	233.167	20.5762	9.82655	0.001625	18154.4	0.000776567	-0.012331
32.5	235.5	24.425	11.4616	0.001899	14366	0.000891116	-0.0140348
32.5	237.833	24.425	11.4616	0.001899	14366	0.000891116	-0.0140348
32.5	240.167	24.425	11.4616	0.001899	14366	0.000891116	-0.0140348
32.5	242.5	24.425	11.4616	0.001899	14366	0.000891116	-0.0140348
32.5	244.833	24.425	11.4616	0.001899	14366	0.000891116	-0.0140348
33.5	233.167	20.5762	9.82655	0.001625	18154.4	0.000776567	-0.012331
33.5	235.5	24.425	11.4616	0.001899	14366	0.000891116	-0.0140348
33.5	237.833	24.425	11.4616	0.001899	14366	0.000891116	-0.0140348
33.5	240.167	24.425	11.4616	0.001899	14366	0.000891116	-0.0140348
33.5	242.5	24.425	11.4616	0.001899	14366	0.000891116	-0.0140348
33.5	244.833	24.425	11.4616	0.001899	14366	0.000891116	-0.0140348
34.5	233.167	20.5762	9.82655	0.001625	18154.4	0.000776567	-0.012331
34.5	235.5	24.425	11.4616	0.001899	14366	0.000891116	-0.0140348
34.5	237.833	24.425	11.4616	0.001899	14366	0.000891116	-0.0140348
34.5	240.167	24.425	11.4616	0.001899	14366	0.000891116	-0.0140348
34.5	242.5	24.425	11.4616	0.001899	14366	0.000891116	-0.0140348
34.5	244.833	24.425	11.4616	0.001899	14366	0.000891116	-0.0140348
35.5	233.167	20.5762	9.82655	0.001625	18154.4	0.000776567	-0.012331
35.5	235.5	24.425	11.4616	0.001899	14366	0.000891116	-0.0140348
35.5	237.833	24.425	11.4616	0.001899	14366	0.000891116	-0.0140348
35.5	240.167	24.425	11.4616	0.001899	14366	0.000891116	-0.0140348
35.5	242.5	24.425	11.4616	0.001899	14366	0.000891116	-0.0140348
35.5	244.833	24.425	11.4616	0.001899	14366	0.000891116	-0.0140348
36.5	233.167	20.5762	9.82655	0.001625	18154.4	0.000776567	-0.012331
36.5	235.5	24.425	11.4616	0.001899	14366	0.000891116	-0.0140348
36.5	237.833	24.425	11.4616	0.001899	14366	0.000891116	-0.0140348
36.5	240.167	24.425	11.4616	0.001899	14366	0.000891116	-0.0140348
36.5	242.5	24.425	11.4616	0.001899	14366	0.000891116	-0.0140348
36.5	244.833	24.425	11.4616	0.001899	14366	0.000891116	-0.0140348
37.5	233.167	20.5762	9.82655	0.001625	18154.4	0.000776567	-0.012331
37.5	235.5	24.425	11.4616	0.001899	14366	0.000891116	-0.0140348
37.5	237.833	24.425	11.4616	0.001899	14366	0.000891116	-0.0140348
37.5	240.167	24.425	11.4616	0.001899	14366	0.000891116	-0.0140348
37.5	242.5	24.425	11.4616	0.001899	14366	0.000891116	-0.0140348
37.5	244.833	24.425	11.4616	0.001899	14366	0.000891116	-0.0140348
38.5	233.167	20.5762	9.82655	0.001625	18154.4	0.000776567	-0.012331
38.5	235.5	24.425	11.4616	0.001899	14366	0.000891116	-0.0140348
38.5	237.833	24.425	11.4616	0.001899	14366	0.000891116	-0.0140348
38.5	240.167	24.425	11.4616	0.001899	14366	0.000891116	-0.0140348
38.5	242.5	24.425	11.4616	0.001899	14366	0.000891116	-0.0140348
38.5	244.833	24.425	11.4616	0.001899	14366	0.000891116	-0.0140348
39.5	233.167	20.5762	9.82655	0.001625	18154.4	0.000776567	-0.012331
39.5	235.5	24.425	11.4616	0.001899	14366	0.000891116	-0.0140348
39.5	237.833	24.425	11.4616	0.001899	14366	0.000891116	-0.0140348
39.5	240.167	24.425	11.4616	0.001899	14366	0.000891116	-0.0140348
39.5	242.5	24.425	11.4616	0.001899	14366	0.000891116	-0.0140348
39.5	244.833	24.425	11.4616	0.001899	14366	0.000891116	-0.0140348
40.5	233.167	20.5762	9.82655	0.001625	18154.4	0.000776567	-0.012331
40.5	235.5	24.425	11.4616	0.001899	14366	0.000891116	-0.0140348
40.5	237.833	24.425	11.4616	0.001899	14366	0.000891116	-0.0140348
40.5	240.167	24.425	11.4616	0.001899	14366	0.000891116	-0.0140348
40.5	242.5	24.425	11.4616	0.001899	14366	0.000891116	-0.0140348
40.5	244.833	24.425	11.4616	0.001899	14366	0.000891116	-0.0140348
41.5	233.167	20.5762	9.82655	0.001625	18154.4	0.000776567	-0.012331
41.5	235.5	24.425	11.4616	0.001899	14366	0.000891116	-0.0140348
41.5	237.833	24.425	11.4616	0.001899	14366	0.000891116	-0.0140348
41.5	240.167	24.425	11.4616	0.001899	14366	0.000891116	-0.0140348
41.5	242.5	24.425	11.4616	0.001899	14366	0.000891116	-0.0140348
41.5	244.833	24.425	11.4616	0.001899	14366	0.000891116	-0.0140348
42.5	233.167	20.5762	9.82655	0.001625	18154.4	0.000776567	-0.012331
42.5	235.5	24.425	11.4616	0.001899	14366	0.000891116	-0.0140348
42.5	237.833	24.425	11.4616	0.001899	14366	0.000891116	-0.0140348
42.5	240.167	24.425	11.4616	0.001899	14366	0.000891116	-0.0140348
42.5	242.5	24.425	11.4616	0.001899	14366	0.000891116	-0.0140348
42.5	244.833	24.425	11.4616	0.001899	14366	0.000891116	-0.0140348
43.5	233.167	20.5762	9.82655	0.001625	18154.4	0.000776567	-0.012331
43.5	235.5	24.425	11.4616	0.001899	14366	0.000891116	-0.0140348
43.5	237.833	24.425	11.4616	0.001899	14366	0.000891116	-0.0140348
43.5	240.167	24.425	11.4616	0.001899	14366	0.000891116	-0.0140348
43.5	242.5	24.425	11.4616	0.001899	14366	0.000891116	-0.0140348
43.5	244.833	24.425	11.4616	0.001899	14366	0.000891116	-0.0140348
44.5	233.167	20.5762	9.82655	0.001625	18154.4	0.000776567	-0.012331
44.5	235.5	24.425	11.4616	0.001899	14366	0.000891116	-0.0140348
44.5	237.833	24.425	11.4616	0.001899	14366	0.000891116	-0.0140348
44.5	240.167	24.425	11.4616	0.001899	14366	0.000891116	-0.0140348
44.5	242.5	24.425	11.4616	0.001899	14366	0.000891116	-0.0140348
44.5	244.833	24.425	11.4616	0.001899	14366	0.000891116	-0.0140348
45.5	233.167	20.5762	9.82655	0.001625	18154.4	0.000776567	-0.012331
45.5	235.5	24.425	11.4616	0.001899	14366	0.000891116	-0.0140348
45.5	237.833	24.425	11.4616	0.001899	14366	0.000891116	-0.0140348
45.5	240.167	24.425	11.4616	0.001899	14366	0.000891116	-0.0140348
45.5	242.5	24.425	11.4616	0.001899	14366	0.000891116	-0.0140348
45.5	244.833	24.425	11.4616	0.001899	14366	0.000891116	-0.0140348
46.5	233.167	20.5762	9.82655	0.001625	18154.4	0.000776567	-0.012331
46.5	235.5	24.425	11.4616	0.001899	14366	0.000891116	-0.0140348
46.5	237.833	24.425	11.4616	0.001899	14366	0.000891116	-0.0140348
46.5	240.167	24.425	11.4616	0.001899	14366	0.000891116	-0.0140348
46.5	242.5	24.425	11.4616	0.001899	14366	0.000891116	-0.0140348
46.5	244.833	24.425	11.4616	0.001899	14366	0.000891116	-0.0140348
47.5	233.167	20.5762	9.82655	0.001625	18154.4	0.000776567	-0.012331
47.5	235.5	24.425	11.4616	0.001899	14366	0.000891116	-0.0140348
47.5	237.833	24.425	11.4616	0.001899	14366	0.000891116	-0.0140348
47.5	240.167	24.425	11.4616	0.001899	14366	0.000891116	-0.0140348
47.5	242.5	24.425	11.4616	0.001899	14366	0.000891116	-0.0140348
47.5	244.833	24.425	11.4616	0.001899	14366	0.000891116	-0.0140348
48.5	233.167	20.5762	9.82655	0.001625	18154.4	0.000776567	-0.012331
48.5	235.5	24.425	11.4616	0.001899	14366	0.000891116	-0.0140348
48.5	237.833	24.425	11.4616	0.001899	14366	0.000891116	-0.0140348
48.5	240.167	25.0879	11.7711	0.153734	115.572	0.0719929	-1.09742
48.5	242.5	24.0084	11.3073	0.154547	193.573	0.0766197	-1.21996
48.5	244.833	24.425	11.4616	0.001899	14366	0.000891116	-0.0140348
49.5	233.167	19.1315	9.19385	0.0432788	994.47	0.0218564	-0.359189
49.5	235.5	22.0986	10.4454	0.0796842	544.665	0.0402724	-0.662352
49.5	237.833	22.4751	10.6253	0.115098	293.267	0.057465	-0.926086
49.5	240.167	25.0133	11.8062	0.689758	26.6894	0.324669	-4.97454
49.5	242.5	21.7992	10.3939	0.41966	73.3927	0.208523	-3.33049
49.5	244.833	22.2897	10.5334	0.0446575	956.172	0.0225302	-0.370057
50.5	233.167	12.8992	6.46481	0.219486	198.901	0.111027	-1.8264
50.5	235.5	12.0246	6.04629	0.408243	107.541	0.206613	-3.40068
50.5	237.833	13.7821	6.89666	0.601243	56.2559	0.300406	-4.84208
50.5	240.167	12.3847	6.21947	0.234243	185.555	0.118446	-1.94758
50.5	242.5	14.3996	7.19106	0.583534	57.6635	0.291504	-4.69666
50.5	244.833	12.8992	6.46481	0.219486	198.901	0.111027	-1.8264
51.5	233.167	12.9884	6.50709	0.351569	111.672	0.176601	-2.88123
51.5	235.5	12.0246	6.04629	0.408243	107.541	0.206613	-3.40068
51.5	237.833	13.7821	6.89666	0.601243	56.2559	0.300406	-4.84208
51.5	240.167	12.3847	6.21947	0.234243	185.555	0.118446	-1.94758
51.5	242.5	14.3996	7.19106	0.583534	57.6635	0.291504	-4.69666
51.5	244.833	12.8992	6.46481	0.219486	198.901	0.111027	-1.8264
52.5	233.167	13.1779	6.59405	0.290084	128.448	0.145274	-2.36509
52.5	235.5	12.0482	6.05768	0.417879	104.416	0.211407	-3.47784
52.5	237.833	13.8027	6.90653	0.610559	55.4404	0.305044	-4.91688
52.5	240.167	12.4182	6.23562	0.248471	172.466	0.125527	-2.06162
52.5	242.5	14.4103	7.19618	0.588258	57.2319	0.293855	-4.73459
52.5	244.833	12.9229	6.4762	0.229122	188.466	0.115821	-1.90357
53.5	233.167	14.5995	7.27644	0.0384424	1038.89	0.0193422	-0.31647
53.5	235.5	13.922	6.95346	0.0798377	542.174	0.0403563	-0.663312
53.5	237.833	14.9484	7.45395	0.430639	71.9826	0.214059	-3.42081
53.5	240.167	13.9842	6.98334	0.0512131	832.572	0.0258524	-0.424277
53.5	242.5	16.3953	8.15435	0.781564	38.8156	0.38803	-6.18759
53.5	244.833	14.7718	7.36758	0.354287	88.1633	0.176183	-2.81767
54.5	233.167	14.803	7.374	0.001214	30035	0.000604743	-0.00977523
54.5	235.5	14.2885	7.12866	0.0159712	2532.24	0.00802329	-0.130953
54.5	237.833	15.1714	7.56051	0.397728	76.085	0.197402	-3.14663
54.5	240.167	15.3704	7.60714	0.101065	195.797	0.0473348	-0.730301
54.5	242.5	16.5688	8.2377	0.764728	39.1698	0.379362	-6.04112
54.5	244.833	14.9948	7.47414	0.321377	94.3972	0.159526	-2.54349
55.5	233.167	14.803	7.374	0.001214	30035	0.000604743	-0.00977523
55.5	235.5	14.2885	7.12866	0.0159712	2532.24	0.00802329	-0.130953
55.5	237.833	15.1714	7.56051	0.397728	76.085	0.197402	-3.14663
55.5	240.167	18.6164	9.04255	0.356345	51.9626	0.165269	-2.52835
55.5	242.5	16.5688	8.2377	0.764728	39.1698	0.379362	-6.04112
55.5	244.833	14.9948	7.47414	0.321377	94.3972	0.159526	-2.54349
56.5	233.167	14.803	7.374	0.001214	30035	0.000604743	-0.00977523
56.5	235.5	14.2885	7.12866	0.0159712	2532.24	0.00802329	-0.130953
56.5	237.833	15.1714	7.56051	0.397728	76.085	0.197402	-3.14663
56.5	240.167	18.6164	9.04255	0.356345	51.9626	0.165269	-2.52835
56.5	242.5	16.5688	8.2377	0.764728	39.1698	0.379362	-6.04112
56.5	244.833	14.9948	7.47414	0.321377	94.3972	0.159526	-2.54349
57.5	233.167	14.803	7.374	0.001214	30035	0.000604743	-0.00977523
57.5	235.5	14.2885	7.12866	0.0159712	2532.24	0.00802329	-0.130953
57.5	237.833	15.1714	7.56051	0.397728	76.085	0.197402	-3.14663
57.5	240.167	18.6164	9.04255	0.356345	51.9626	0.165269	-2.52835
57.5	242.5	16.5688	8.2377	0.764728	39.1698	0.379362	-6.04112
57.5	244.833	14.9948	7.47414	0.321377	94.3972	0.159526	-2.54349
58.5	233.167	14.803	7.374	0.001214	30035	0.000604743	-0.00977523
58.5	235.5	14.2885	7.12866	0.0159712	2532.24	0.00802329	-0.130953
58.5	237.833	15.1714	7.56051	0.397728	76.085	0.197402	-3.14663
58.5	240.167	18.6164	9.04255	0.356345	51.9626	0.165269	-2.52835
58.5	242.5	16.5688	8.2377	0.764728	39.1698	0.379362	-6.04112
58.5	244.833	14.9948	7.47414	0.321377	94.3972	0.159526	-2.54349
59.5	233.167	14.803	7.374	0.001214	30035	0.000604743	-0.00977523
59.5	235.5	14.803	7.374	0.001214	30035	0.000604743	-0.00977523
59.5	237.833	14.803	7.374	0.001214	30035	0.000604743	-0.00977523
59.5	240.167	19.1309	9.28789	0.341588	52.9577	0.157851	-2.40717
59.5	242.5	14.803	7.374	0.001214	30035	0.000604743	-0.00977523
59.5	244.833	14.803	7.374	0.001214	30035	0.000604743	-0.00977523
