#
# Material map generated with src/programs/Utilities/mkMaterialMap
# generated: Thu Jul 23 20:49:18 2009
#
# Generated with the following parameters:
#    Nr = 30
#    Nz = 2
#  rmin = 7
#  rmax = 9.75
#  zmin = 0
#  zmax = 90
#
#  sampling points per cell:
#   n_r = 3
#   n_z = 3
# n_phi = 100
#
#  r	z	A	Z	density radlen rhoZ_overA rhoZ_overA_logI
7.04583	22.5	26.9815	13	2.7	8.8756	1.30089	-20.3323
7.04583	67.5	12.2302	6.14732	0.11	370.28	0.0552896	-0.902972
7.1375	22.5	26.9815	13	2.7	8.8756	1.30089	-20.3323
7.1375	67.5	12.2302	6.14732	0.11	370.28	0.0552896	-0.902972
7.22917	22.5	26.9815	13	2.7	8.8756	1.30089	-20.3323
7.22917	67.5	12.2302	6.14732	0.11	370.28	0.0552896	-0.902972
7.32083	22.5	17.2602	8.49101	1.7	17.4045	0.836	-13.3435
7.32083	67.5	11.9187	5.99301	0.355867	120.366	0.179085	-2.93722
7.4125	22.5	12.3996	6.23652	1.2	33.5005	0.603555	-9.84912
7.4125	67.5	11.0618	5.56867	1.032	42.1442	0.519523	-8.53139
7.50417	22.5	12.3996	6.23652	1.2	33.5005	0.603555	-9.84912
7.50417	67.5	11.0618	5.56867	1.032	42.1442	0.519523	-8.53139
7.59583	22.5	12.3996	6.23652	1.2	33.5005	0.603555	-9.84912
7.59583	67.5	11.0618	5.56867	1.032	42.1442	0.519523	-8.53139
7.6875	22.5	12.3996	6.23652	1.2	33.5005	0.603555	-9.84912
7.6875	67.5	13.7492	6.88134	0.655952	59.3644	0.329468	-5.36157
7.77917	22.5	12.3996	6.23652	1.2	33.5005	0.603555	-9.84912
7.77917	67.5	14.803	7.374	0.001214	30035	0.000604743	-0.00977523
7.87083	22.5	26.9815	13	2.7	8.8756	1.30089	-20.3323
7.87083	67.5	14.803	7.374	0.001214	30035	0.000604743	-0.00977523
7.9625	22.5	26.9815	13	2.7	8.8756	1.30089	-20.3323
7.9625	67.5	13.2594	6.63799	0.0196856	2063.11	0.00989245	-0.16152
8.05417	22.5	26.9815	13	2.7	8.8756	1.30089	-20.3323
8.05417	67.5	12.2302	6.14732	0.032	1272.84	0.0160842	-0.262683
8.14583	22.5	26.9815	13	2.7	8.8756	1.30089	-20.3323
8.14583	67.5	12.2302	6.14732	0.032	1272.84	0.0160842	-0.262683
8.2375	22.5	26.9815	13	2.7	8.8756	1.30089	-20.3323
8.2375	67.5	12.2302	6.14732	0.032	1272.84	0.0160842	-0.262683
8.32917	22.5	26.9815	13	2.7	8.8756	1.30089	-20.3323
8.32917	67.5	12.2302	6.14732	0.032	1272.84	0.0160842	-0.262683
8.42083	22.5	26.9815	13	2.7	8.8756	1.30089	-20.3323
8.42083	67.5	12.2302	6.14732	0.032	1272.84	0.0160842	-0.262683
8.5125	22.5	26.9815	13	2.7	8.8756	1.30089	-20.3323
8.5125	67.5	14.6315	7.29222	0.0032664	11983	0.00163671	-0.0266357
8.60417	22.5	26.9815	13	2.7	8.8756	1.30089	-20.3323
8.60417	67.5	14.803	7.374	0.001214	30035	0.000604743	-0.00977523
8.69583	22.5	26.9815	13	2.7	8.8756	1.30089	-20.3323
8.69583	67.5	14.803	7.374	0.001214	30035	0.000604743	-0.00977523
8.7875	22.5	26.9815	13	2.7	8.8756	1.30089	-20.3323
8.7875	67.5	14.803	7.374	0.001214	30035	0.000604743	-0.00977523
8.87917	22.5	26.9815	13	2.7	8.8756	1.30089	-20.3323
8.87917	67.5	14.803	7.374	0.001214	30035	0.000604743	-0.00977523
8.97083	22.5	18.8625	9.24933	0.900809	26.6111	0.434034	-6.78395
8.97083	67.5	14.803	7.374	0.001214	30035	0.000604743	-0.00977523
9.0625	22.5	29.0626	13.4034	0.00153861	15342.8	0.000715975	-0.0111827
9.0625	67.5	36.1925	16.4181	0.00170091	12327.6	0.000771591	-0.0118864
9.15417	22.5	29.0626	13.4034	0.00153861	15342.8	0.000715975	-0.0111827
9.15417	67.5	36.1925	16.4181	0.00170091	12327.6	0.000771591	-0.0118864
9.24583	22.5	29.0626	13.4034	0.00153861	15342.8	0.000715975	-0.0111827
9.24583	67.5	36.1925	16.4181	0.00170091	12327.6	0.000771591	-0.0118864
9.3375	22.5	29.0626	13.4034	0.00153861	15342.8	0.000715975	-0.0111827
9.3375	67.5	36.1925	16.4181	0.00170091	12327.6	0.000771591	-0.0118864
9.42917	22.5	29.0626	13.4034	0.00153861	15342.8	0.000715975	-0.0111827
9.42917	67.5	36.1925	16.4181	0.00170091	12327.6	0.000771591	-0.0118864
9.52083	22.5	29.0626	13.4034	0.00153861	15342.8	0.000715975	-0.0111827
9.52083	67.5	36.1925	16.4181	0.00170091	12327.6	0.000771591	-0.0118864
9.6125	22.5	29.0626	13.4034	0.00153861	15342.8	0.000715975	-0.0111827
9.6125	67.5	36.1925	16.4181	0.00170091	12327.6	0.000771591	-0.0118864
9.70417	22.5	29.0626	13.4034	0.00153861	15342.8	0.000715975	-0.0111827
9.70417	67.5	36.1925	16.4181	0.00170091	12327.6	0.000771591	-0.0118864
