#
# Material map generated with src/programs/Utilities/mkMaterialMap
# generated: Thu Jul 23 20:51:52 2009
#
# Generated with the following parameters:
#    Nr = 58
#    Nz = 6
#  rmin = 2
#  rmax = 60
#  zmin = 290
#  zmax = 304
#
#  sampling points per cell:
#   n_r = 5
#   n_z = 5
# n_phi = 100
#
#  r	z	A	Z	density radlen rhoZ_overA rhoZ_overA_logI
2.5	291.167	22.5006	10.6441	0.001762	16039.5	0.000833841	-0.0131829
2.5	293.5	24.425	11.4616	0.001899	14366	0.000891116	-0.0140348
2.5	295.833	24.425	11.4616	0.001899	14366	0.000891116	-0.0140348
2.5	298.167	24.425	11.4616	0.001899	14366	0.000891116	-0.0140348
2.5	300.5	24.425	11.4616	0.001899	14366	0.000891116	-0.0140348
2.5	302.833	22.5006	10.6441	0.001762	16039.5	0.000833841	-0.0131829
3.5	291.167	22.5006	10.6441	0.001762	16039.5	0.000833841	-0.0131829
3.5	293.5	24.425	11.4616	0.001899	14366	0.000891116	-0.0140348
3.5	295.833	24.425	11.4616	0.001899	14366	0.000891116	-0.0140348
3.5	298.167	24.425	11.4616	0.001899	14366	0.000891116	-0.0140348
3.5	300.5	24.425	11.4616	0.001899	14366	0.000891116	-0.0140348
3.5	302.833	22.5006	10.6441	0.001762	16039.5	0.000833841	-0.0131829
4.5	291.167	22.5006	10.6441	0.001762	16039.5	0.000833841	-0.0131829
4.5	293.5	24.425	11.4616	0.001899	14366	0.000891116	-0.0140348
4.5	295.833	24.425	11.4616	0.001899	14366	0.000891116	-0.0140348
4.5	298.167	24.425	11.4616	0.001899	14366	0.000891116	-0.0140348
4.5	300.5	24.425	11.4616	0.001899	14366	0.000891116	-0.0140348
4.5	302.833	22.5006	10.6441	0.001762	16039.5	0.000833841	-0.0131829
5.5	291.167	22.5006	10.6441	0.001762	16039.5	0.000833841	-0.0131829
5.5	293.5	24.425	11.4616	0.001899	14366	0.000891116	-0.0140348
5.5	295.833	24.425	11.4616	0.001899	14366	0.000891116	-0.0140348
5.5	298.167	24.425	11.4616	0.001899	14366	0.000891116	-0.0140348
5.5	300.5	24.425	11.4616	0.001899	14366	0.000891116	-0.0140348
5.5	302.833	22.5006	10.6441	0.001762	16039.5	0.000833841	-0.0131829
6.5	291.167	22.5006	10.6441	0.001762	16039.5	0.000833841	-0.0131829
6.5	293.5	24.425	11.4616	0.001899	14366	0.000891116	-0.0140348
6.5	295.833	24.425	11.4616	0.001899	14366	0.000891116	-0.0140348
6.5	298.167	24.425	11.4616	0.001899	14366	0.000891116	-0.0140348
6.5	300.5	24.425	11.4616	0.001899	14366	0.000891116	-0.0140348
6.5	302.833	22.5006	10.6441	0.001762	16039.5	0.000833841	-0.0131829
7.5	291.167	22.5006	10.6441	0.001762	16039.5	0.000833841	-0.0131829
7.5	293.5	24.425	11.4616	0.001899	14366	0.000891116	-0.0140348
7.5	295.833	24.425	11.4616	0.001899	14366	0.000891116	-0.0140348
7.5	298.167	24.425	11.4616	0.001899	14366	0.000891116	-0.0140348
7.5	300.5	24.425	11.4616	0.001899	14366	0.000891116	-0.0140348
7.5	302.833	22.5006	10.6441	0.001762	16039.5	0.000833841	-0.0131829
8.5	291.167	22.5006	10.6441	0.001762	16039.5	0.000833841	-0.0131829
8.5	293.5	24.425	11.4616	0.001899	14366	0.000891116	-0.0140348
8.5	295.833	24.425	11.4616	0.001899	14366	0.000891116	-0.0140348
8.5	298.167	24.425	11.4616	0.001899	14366	0.000891116	-0.0140348
8.5	300.5	24.425	11.4616	0.001899	14366	0.000891116	-0.0140348
8.5	302.833	22.5006	10.6441	0.001762	16039.5	0.000833841	-0.0131829
9.5	291.167	22.5006	10.6441	0.001762	16039.5	0.000833841	-0.0131829
9.5	293.5	24.425	11.4616	0.001899	14366	0.000891116	-0.0140348
9.5	295.833	24.425	11.4616	0.001899	14366	0.000891116	-0.0140348
9.5	298.167	24.425	11.4616	0.001899	14366	0.000891116	-0.0140348
9.5	300.5	24.425	11.4616	0.001899	14366	0.000891116	-0.0140348
9.5	302.833	22.5006	10.6441	0.001762	16039.5	0.000833841	-0.0131829
10.5	291.167	22.5006	10.6441	0.001762	16039.5	0.000833841	-0.0131829
10.5	293.5	24.425	11.4616	0.001899	14366	0.000891116	-0.0140348
10.5	295.833	24.425	11.4616	0.001899	14366	0.000891116	-0.0140348
10.5	298.167	24.425	11.4616	0.001899	14366	0.000891116	-0.0140348
10.5	300.5	24.425	11.4616	0.001899	14366	0.000891116	-0.0140348
10.5	302.833	22.5006	10.6441	0.001762	16039.5	0.000833841	-0.0131829
11.5	291.167	22.5006	10.6441	0.001762	16039.5	0.000833841	-0.0131829
11.5	293.5	24.425	11.4616	0.001899	14366	0.000891116	-0.0140348
11.5	295.833	24.425	11.4616	0.001899	14366	0.000891116	-0.0140348
11.5	298.167	24.425	11.4616	0.001899	14366	0.000891116	-0.0140348
11.5	300.5	24.425	11.4616	0.001899	14366	0.000891116	-0.0140348
11.5	302.833	22.5006	10.6441	0.001762	16039.5	0.000833841	-0.0131829
12.5	291.167	22.5006	10.6441	0.001762	16039.5	0.000833841	-0.0131829
12.5	293.5	24.425	11.4616	0.001899	14366	0.000891116	-0.0140348
12.5	295.833	24.425	11.4616	0.001899	14366	0.000891116	-0.0140348
12.5	298.167	24.425	11.4616	0.001899	14366	0.000891116	-0.0140348
12.5	300.5	24.425	11.4616	0.001899	14366	0.000891116	-0.0140348
12.5	302.833	22.5006	10.6441	0.001762	16039.5	0.000833841	-0.0131829
13.5	291.167	22.5006	10.6441	0.001762	16039.5	0.000833841	-0.0131829
13.5	293.5	24.425	11.4616	0.001899	14366	0.000891116	-0.0140348
13.5	295.833	24.425	11.4616	0.001899	14366	0.000891116	-0.0140348
13.5	298.167	24.425	11.4616	0.001899	14366	0.000891116	-0.0140348
13.5	300.5	24.425	11.4616	0.001899	14366	0.000891116	-0.0140348
13.5	302.833	22.5006	10.6441	0.001762	16039.5	0.000833841	-0.0131829
14.5	291.167	22.5006	10.6441	0.001762	16039.5	0.000833841	-0.0131829
14.5	293.5	24.425	11.4616	0.001899	14366	0.000891116	-0.0140348
14.5	295.833	24.425	11.4616	0.001899	14366	0.000891116	-0.0140348
14.5	298.167	24.425	11.4616	0.001899	14366	0.000891116	-0.0140348
14.5	300.5	24.425	11.4616	0.001899	14366	0.000891116	-0.0140348
14.5	302.833	22.5006	10.6441	0.001762	16039.5	0.000833841	-0.0131829
15.5	291.167	22.5006	10.6441	0.001762	16039.5	0.000833841	-0.0131829
15.5	293.5	24.425	11.4616	0.001899	14366	0.000891116	-0.0140348
15.5	295.833	24.425	11.4616	0.001899	14366	0.000891116	-0.0140348
15.5	298.167	24.425	11.4616	0.001899	14366	0.000891116	-0.0140348
15.5	300.5	24.425	11.4616	0.001899	14366	0.000891116	-0.0140348
15.5	302.833	22.5006	10.6441	0.001762	16039.5	0.000833841	-0.0131829
16.5	291.167	22.5006	10.6441	0.001762	16039.5	0.000833841	-0.0131829
16.5	293.5	24.425	11.4616	0.001899	14366	0.000891116	-0.0140348
16.5	295.833	24.425	11.4616	0.001899	14366	0.000891116	-0.0140348
16.5	298.167	24.425	11.4616	0.001899	14366	0.000891116	-0.0140348
16.5	300.5	24.425	11.4616	0.001899	14366	0.000891116	-0.0140348
16.5	302.833	22.5006	10.6441	0.001762	16039.5	0.000833841	-0.0131829
17.5	291.167	22.5006	10.6441	0.001762	16039.5	0.000833841	-0.0131829
17.5	293.5	24.425	11.4616	0.001899	14366	0.000891116	-0.0140348
17.5	295.833	24.425	11.4616	0.001899	14366	0.000891116	-0.0140348
17.5	298.167	24.425	11.4616	0.001899	14366	0.000891116	-0.0140348
17.5	300.5	24.425	11.4616	0.001899	14366	0.000891116	-0.0140348
17.5	302.833	22.5006	10.6441	0.001762	16039.5	0.000833841	-0.0131829
18.5	291.167	22.5006	10.6441	0.001762	16039.5	0.000833841	-0.0131829
18.5	293.5	24.425	11.4616	0.001899	14366	0.000891116	-0.0140348
18.5	295.833	24.425	11.4616	0.001899	14366	0.000891116	-0.0140348
18.5	298.167	24.425	11.4616	0.001899	14366	0.000891116	-0.0140348
18.5	300.5	24.425	11.4616	0.001899	14366	0.000891116	-0.0140348
18.5	302.833	22.5006	10.6441	0.001762	16039.5	0.000833841	-0.0131829
19.5	291.167	22.5006	10.6441	0.001762	16039.5	0.000833841	-0.0131829
19.5	293.5	24.425	11.4616	0.001899	14366	0.000891116	-0.0140348
19.5	295.833	24.425	11.4616	0.001899	14366	0.000891116	-0.0140348
19.5	298.167	24.425	11.4616	0.001899	14366	0.000891116	-0.0140348
19.5	300.5	24.425	11.4616	0.001899	14366	0.000891116	-0.0140348
19.5	302.833	22.5006	10.6441	0.001762	16039.5	0.000833841	-0.0131829
20.5	291.167	22.5006	10.6441	0.001762	16039.5	0.000833841	-0.0131829
20.5	293.5	24.425	11.4616	0.001899	14366	0.000891116	-0.0140348
20.5	295.833	24.425	11.4616	0.001899	14366	0.000891116	-0.0140348
20.5	298.167	24.425	11.4616	0.001899	14366	0.000891116	-0.0140348
20.5	300.5	24.425	11.4616	0.001899	14366	0.000891116	-0.0140348
20.5	302.833	22.5006	10.6441	0.001762	16039.5	0.000833841	-0.0131829
21.5	291.167	22.5006	10.6441	0.001762	16039.5	0.000833841	-0.0131829
21.5	293.5	24.425	11.4616	0.001899	14366	0.000891116	-0.0140348
21.5	295.833	24.425	11.4616	0.001899	14366	0.000891116	-0.0140348
21.5	298.167	24.425	11.4616	0.001899	14366	0.000891116	-0.0140348
21.5	300.5	24.425	11.4616	0.001899	14366	0.000891116	-0.0140348
21.5	302.833	22.5006	10.6441	0.001762	16039.5	0.000833841	-0.0131829
22.5	291.167	22.5006	10.6441	0.001762	16039.5	0.000833841	-0.0131829
22.5	293.5	24.425	11.4616	0.001899	14366	0.000891116	-0.0140348
22.5	295.833	24.425	11.4616	0.001899	14366	0.000891116	-0.0140348
22.5	298.167	24.425	11.4616	0.001899	14366	0.000891116	-0.0140348
22.5	300.5	24.425	11.4616	0.001899	14366	0.000891116	-0.0140348
22.5	302.833	22.5006	10.6441	0.001762	16039.5	0.000833841	-0.0131829
23.5	291.167	22.5006	10.6441	0.001762	16039.5	0.000833841	-0.0131829
23.5	293.5	24.425	11.4616	0.001899	14366	0.000891116	-0.0140348
23.5	295.833	24.425	11.4616	0.001899	14366	0.000891116	-0.0140348
23.5	298.167	24.425	11.4616	0.001899	14366	0.000891116	-0.0140348
23.5	300.5	24.425	11.4616	0.001899	14366	0.000891116	-0.0140348
23.5	302.833	22.5006	10.6441	0.001762	16039.5	0.000833841	-0.0131829
24.5	291.167	22.5006	10.6441	0.001762	16039.5	0.000833841	-0.0131829
24.5	293.5	24.425	11.4616	0.001899	14366	0.000891116	-0.0140348
24.5	295.833	24.425	11.4616	0.001899	14366	0.000891116	-0.0140348
24.5	298.167	24.425	11.4616	0.001899	14366	0.000891116	-0.0140348
24.5	300.5	24.425	11.4616	0.001899	14366	0.000891116	-0.0140348
24.5	302.833	22.5006	10.6441	0.001762	16039.5	0.000833841	-0.0131829
25.5	291.167	22.5006	10.6441	0.001762	16039.5	0.000833841	-0.0131829
25.5	293.5	24.425	11.4616	0.001899	14366	0.000891116	-0.0140348
25.5	295.833	24.425	11.4616	0.001899	14366	0.000891116	-0.0140348
25.5	298.167	24.425	11.4616	0.001899	14366	0.000891116	-0.0140348
25.5	300.5	24.425	11.4616	0.001899	14366	0.000891116	-0.0140348
25.5	302.833	22.5006	10.6441	0.001762	16039.5	0.000833841	-0.0131829
26.5	291.167	22.5006	10.6441	0.001762	16039.5	0.000833841	-0.0131829
26.5	293.5	24.425	11.4616	0.001899	14366	0.000891116	-0.0140348
26.5	295.833	24.425	11.4616	0.001899	14366	0.000891116	-0.0140348
26.5	298.167	24.425	11.4616	0.001899	14366	0.000891116	-0.0140348
26.5	300.5	24.425	11.4616	0.001899	14366	0.000891116	-0.0140348
26.5	302.833	22.5006	10.6441	0.001762	16039.5	0.000833841	-0.0131829
27.5	291.167	22.5006	10.6441	0.001762	16039.5	0.000833841	-0.0131829
27.5	293.5	24.425	11.4616	0.001899	14366	0.000891116	-0.0140348
27.5	295.833	24.425	11.4616	0.001899	14366	0.000891116	-0.0140348
27.5	298.167	24.425	11.4616	0.001899	14366	0.000891116	-0.0140348
27.5	300.5	24.425	11.4616	0.001899	14366	0.000891116	-0.0140348
27.5	302.833	22.5006	10.6441	0.001762	16039.5	0.000833841	-0.0131829
28.5	291.167	22.5006	10.6441	0.001762	16039.5	0.000833841	-0.0131829
28.5	293.5	24.425	11.4616	0.001899	14366	0.000891116	-0.0140348
28.5	295.833	24.425	11.4616	0.001899	14366	0.000891116	-0.0140348
28.5	298.167	24.425	11.4616	0.001899	14366	0.000891116	-0.0140348
28.5	300.5	24.425	11.4616	0.001899	14366	0.000891116	-0.0140348
28.5	302.833	22.5006	10.6441	0.001762	16039.5	0.000833841	-0.0131829
29.5	291.167	22.5006	10.6441	0.001762	16039.5	0.000833841	-0.0131829
29.5	293.5	24.425	11.4616	0.001899	14366	0.000891116	-0.0140348
29.5	295.833	24.425	11.4616	0.001899	14366	0.000891116	-0.0140348
29.5	298.167	24.425	11.4616	0.001899	14366	0.000891116	-0.0140348
29.5	300.5	24.425	11.4616	0.001899	14366	0.000891116	-0.0140348
29.5	302.833	22.5006	10.6441	0.001762	16039.5	0.000833841	-0.0131829
30.5	291.167	22.5006	10.6441	0.001762	16039.5	0.000833841	-0.0131829
30.5	293.5	24.425	11.4616	0.001899	14366	0.000891116	-0.0140348
30.5	295.833	24.425	11.4616	0.001899	14366	0.000891116	-0.0140348
30.5	298.167	24.425	11.4616	0.001899	14366	0.000891116	-0.0140348
30.5	300.5	24.425	11.4616	0.001899	14366	0.000891116	-0.0140348
30.5	302.833	22.5006	10.6441	0.001762	16039.5	0.000833841	-0.0131829
31.5	291.167	22.5006	10.6441	0.001762	16039.5	0.000833841	-0.0131829
31.5	293.5	24.425	11.4616	0.001899	14366	0.000891116	-0.0140348
31.5	295.833	24.425	11.4616	0.001899	14366	0.000891116	-0.0140348
31.5	298.167	24.425	11.4616	0.001899	14366	0.000891116	-0.0140348
31.5	300.5	24.425	11.4616	0.001899	14366	0.000891116	-0.0140348
31.5	302.833	22.5006	10.6441	0.001762	16039.5	0.000833841	-0.0131829
32.5	291.167	22.5006	10.6441	0.001762	16039.5	0.000833841	-0.0131829
32.5	293.5	24.425	11.4616	0.001899	14366	0.000891116	-0.0140348
32.5	295.833	24.425	11.4616	0.001899	14366	0.000891116	-0.0140348
32.5	298.167	24.425	11.4616	0.001899	14366	0.000891116	-0.0140348
32.5	300.5	24.425	11.4616	0.001899	14366	0.000891116	-0.0140348
32.5	302.833	22.5006	10.6441	0.001762	16039.5	0.000833841	-0.0131829
33.5	291.167	22.5006	10.6441	0.001762	16039.5	0.000833841	-0.0131829
33.5	293.5	24.425	11.4616	0.001899	14366	0.000891116	-0.0140348
33.5	295.833	24.425	11.4616	0.001899	14366	0.000891116	-0.0140348
33.5	298.167	24.425	11.4616	0.001899	14366	0.000891116	-0.0140348
33.5	300.5	24.425	11.4616	0.001899	14366	0.000891116	-0.0140348
33.5	302.833	22.5006	10.6441	0.001762	16039.5	0.000833841	-0.0131829
34.5	291.167	22.5006	10.6441	0.001762	16039.5	0.000833841	-0.0131829
34.5	293.5	24.425	11.4616	0.001899	14366	0.000891116	-0.0140348
34.5	295.833	24.425	11.4616	0.001899	14366	0.000891116	-0.0140348
34.5	298.167	24.425	11.4616	0.001899	14366	0.000891116	-0.0140348
34.5	300.5	24.425	11.4616	0.001899	14366	0.000891116	-0.0140348
34.5	302.833	22.5006	10.6441	0.001762	16039.5	0.000833841	-0.0131829
35.5	291.167	22.5006	10.6441	0.001762	16039.5	0.000833841	-0.0131829
35.5	293.5	24.425	11.4616	0.001899	14366	0.000891116	-0.0140348
35.5	295.833	24.425	11.4616	0.001899	14366	0.000891116	-0.0140348
35.5	298.167	24.425	11.4616	0.001899	14366	0.000891116	-0.0140348
35.5	300.5	24.425	11.4616	0.001899	14366	0.000891116	-0.0140348
35.5	302.833	22.5006	10.6441	0.001762	16039.5	0.000833841	-0.0131829
36.5	291.167	22.5006	10.6441	0.001762	16039.5	0.000833841	-0.0131829
36.5	293.5	24.425	11.4616	0.001899	14366	0.000891116	-0.0140348
36.5	295.833	24.425	11.4616	0.001899	14366	0.000891116	-0.0140348
36.5	298.167	24.425	11.4616	0.001899	14366	0.000891116	-0.0140348
36.5	300.5	24.425	11.4616	0.001899	14366	0.000891116	-0.0140348
36.5	302.833	22.5006	10.6441	0.001762	16039.5	0.000833841	-0.0131829
37.5	291.167	22.5006	10.6441	0.001762	16039.5	0.000833841	-0.0131829
37.5	293.5	24.425	11.4616	0.001899	14366	0.000891116	-0.0140348
37.5	295.833	24.425	11.4616	0.001899	14366	0.000891116	-0.0140348
37.5	298.167	24.425	11.4616	0.001899	14366	0.000891116	-0.0140348
37.5	300.5	24.425	11.4616	0.001899	14366	0.000891116	-0.0140348
37.5	302.833	22.5006	10.6441	0.001762	16039.5	0.000833841	-0.0131829
38.5	291.167	22.5006	10.6441	0.001762	16039.5	0.000833841	-0.0131829
38.5	293.5	24.425	11.4616	0.001899	14366	0.000891116	-0.0140348
38.5	295.833	24.425	11.4616	0.001899	14366	0.000891116	-0.0140348
38.5	298.167	24.425	11.4616	0.001899	14366	0.000891116	-0.0140348
38.5	300.5	24.425	11.4616	0.001899	14366	0.000891116	-0.0140348
38.5	302.833	22.5006	10.6441	0.001762	16039.5	0.000833841	-0.0131829
39.5	291.167	22.5006	10.6441	0.001762	16039.5	0.000833841	-0.0131829
39.5	293.5	24.425	11.4616	0.001899	14366	0.000891116	-0.0140348
39.5	295.833	24.425	11.4616	0.001899	14366	0.000891116	-0.0140348
39.5	298.167	24.425	11.4616	0.001899	14366	0.000891116	-0.0140348
39.5	300.5	24.425	11.4616	0.001899	14366	0.000891116	-0.0140348
39.5	302.833	22.5006	10.6441	0.001762	16039.5	0.000833841	-0.0131829
40.5	291.167	22.5006	10.6441	0.001762	16039.5	0.000833841	-0.0131829
40.5	293.5	24.425	11.4616	0.001899	14366	0.000891116	-0.0140348
40.5	295.833	24.425	11.4616	0.001899	14366	0.000891116	-0.0140348
40.5	298.167	24.425	11.4616	0.001899	14366	0.000891116	-0.0140348
40.5	300.5	24.425	11.4616	0.001899	14366	0.000891116	-0.0140348
40.5	302.833	22.5006	10.6441	0.001762	16039.5	0.000833841	-0.0131829
41.5	291.167	22.5006	10.6441	0.001762	16039.5	0.000833841	-0.0131829
41.5	293.5	24.425	11.4616	0.001899	14366	0.000891116	-0.0140348
41.5	295.833	24.425	11.4616	0.001899	14366	0.000891116	-0.0140348
41.5	298.167	24.425	11.4616	0.001899	14366	0.000891116	-0.0140348
41.5	300.5	24.425	11.4616	0.001899	14366	0.000891116	-0.0140348
41.5	302.833	22.5006	10.6441	0.001762	16039.5	0.000833841	-0.0131829
42.5	291.167	22.5006	10.6441	0.001762	16039.5	0.000833841	-0.0131829
42.5	293.5	24.425	11.4616	0.001899	14366	0.000891116	-0.0140348
42.5	295.833	24.425	11.4616	0.001899	14366	0.000891116	-0.0140348
42.5	298.167	24.425	11.4616	0.001899	14366	0.000891116	-0.0140348
42.5	300.5	24.425	11.4616	0.001899	14366	0.000891116	-0.0140348
42.5	302.833	22.5006	10.6441	0.001762	16039.5	0.000833841	-0.0131829
43.5	291.167	22.5006	10.6441	0.001762	16039.5	0.000833841	-0.0131829
43.5	293.5	24.425	11.4616	0.001899	14366	0.000891116	-0.0140348
43.5	295.833	24.425	11.4616	0.001899	14366	0.000891116	-0.0140348
43.5	298.167	24.425	11.4616	0.001899	14366	0.000891116	-0.0140348
43.5	300.5	24.425	11.4616	0.001899	14366	0.000891116	-0.0140348
43.5	302.833	22.5006	10.6441	0.001762	16039.5	0.000833841	-0.0131829
44.5	291.167	22.5006	10.6441	0.001762	16039.5	0.000833841	-0.0131829
44.5	293.5	24.425	11.4616	0.001899	14366	0.000891116	-0.0140348
44.5	295.833	24.425	11.4616	0.001899	14366	0.000891116	-0.0140348
44.5	298.167	24.425	11.4616	0.001899	14366	0.000891116	-0.0140348
44.5	300.5	24.425	11.4616	0.001899	14366	0.000891116	-0.0140348
44.5	302.833	22.5006	10.6441	0.001762	16039.5	0.000833841	-0.0131829
45.5	291.167	22.5006	10.6441	0.001762	16039.5	0.000833841	-0.0131829
45.5	293.5	24.425	11.4616	0.001899	14366	0.000891116	-0.0140348
45.5	295.833	24.425	11.4616	0.001899	14366	0.000891116	-0.0140348
45.5	298.167	24.425	11.4616	0.001899	14366	0.000891116	-0.0140348
45.5	300.5	24.425	11.4616	0.001899	14366	0.000891116	-0.0140348
45.5	302.833	22.5006	10.6441	0.001762	16039.5	0.000833841	-0.0131829
46.5	291.167	22.5006	10.6441	0.001762	16039.5	0.000833841	-0.0131829
46.5	293.5	24.425	11.4616	0.001899	14366	0.000891116	-0.0140348
46.5	295.833	24.425	11.4616	0.001899	14366	0.000891116	-0.0140348
46.5	298.167	24.425	11.4616	0.001899	14366	0.000891116	-0.0140348
46.5	300.5	24.425	11.4616	0.001899	14366	0.000891116	-0.0140348
46.5	302.833	22.5006	10.6441	0.001762	16039.5	0.000833841	-0.0131829
47.5	291.167	22.5006	10.6441	0.001762	16039.5	0.000833841	-0.0131829
47.5	293.5	24.425	11.4616	0.001899	14366	0.000891116	-0.0140348
47.5	295.833	24.425	11.4616	0.001899	14366	0.000891116	-0.0140348
47.5	298.167	24.425	11.4616	0.001899	14366	0.000891116	-0.0140348
47.5	300.5	24.425	11.4616	0.001899	14366	0.000891116	-0.0140348
47.5	302.833	22.5006	10.6441	0.001762	16039.5	0.000833841	-0.0131829
48.5	291.167	22.084	10.4898	0.15441	193.845	0.0765625	-1.21911
48.5	293.5	24.425	11.4616	0.001899	14366	0.000891116	-0.0140348
48.5	295.833	24.425	11.4616	0.001899	14366	0.000891116	-0.0140348
48.5	298.167	25.0879	11.7711	0.153734	115.572	0.0719929	-1.09742
48.5	300.5	24.425	11.4616	0.001899	14366	0.000891116	-0.0140348
48.5	302.833	22.5006	10.6441	0.001762	16039.5	0.000833841	-0.0131829
49.5	291.167	19.8914	9.56611	0.39274	78.9652	0.195223	-3.12015
49.5	293.5	22.6292	10.7006	0.11131	300.251	0.0555508	-0.894509
49.5	295.833	22.2514	10.5149	0.0458679	929.797	0.0231387	-0.379995
49.5	298.167	25.0864	11.8419	0.687219	26.7339	0.323392	-4.9537
49.5	300.5	22.8061	10.7868	0.183852	173.576	0.0915293	-1.46722
49.5	302.833	20.6963	9.85652	0.0445441	961.702	0.0224828	-0.369351
50.5	291.167	12.3847	6.21947	0.234243	185.555	0.118446	-1.94758
50.5	293.5	14.8112	7.38733	0.571728	58.6418	0.285569	-4.59972
50.5	295.833	12.3847	6.21947	0.234243	185.555	0.118446	-1.94758
50.5	298.167	12.4876	6.26854	0.231291	188.079	0.116962	-1.92335
50.5	300.5	15.6941	7.81918	0.953486	33.556	0.474948	-7.6154
50.5	302.833	12.8992	6.46481	0.219486	198.901	0.111027	-1.8264
51.5	291.167	12.4683	6.25861	0.308921	129.647	0.155394	-2.54003
51.5	293.5	14.8112	7.38733	0.571728	58.6418	0.285569	-4.59972
51.5	295.833	12.3847	6.21947	0.234243	185.555	0.118446	-1.94758
51.5	298.167	12.4876	6.26854	0.231291	188.079	0.116962	-1.92335
51.5	300.5	15.6941	7.81918	0.953486	33.556	0.474948	-7.6154
51.5	302.833	12.9828	6.50395	0.294163	136.024	0.147975	-2.41885
52.5	291.167	12.6732	6.35347	0.309434	120.809	0.15498	-2.52314
52.5	293.5	14.812	7.38769	0.57186	58.6413	0.285632	-4.60077
52.5	295.833	12.4182	6.23562	0.248471	172.466	0.125527	-2.06162
52.5	298.167	12.5211	6.28469	0.245519	174.644	0.124044	-2.03738
52.5	300.5	15.6918	7.81802	0.953298	33.5748	0.474855	-7.61409
52.5	302.833	13.1779	6.59405	0.290084	128.448	0.145274	-2.36509
53.5	291.167	14.085	7.0311	0.0531996	755.185	0.0267607	-0.437647
53.5	293.5	16.3953	8.15435	0.781564	38.8156	0.38803	-6.18759
53.5	295.833	13.9842	6.98334	0.0512131	832.572	0.0258524	-0.424277
53.5	298.167	14.0655	7.0221	0.0488815	874.155	0.0246803	-0.405131
53.5	300.5	16.4271	8.1699	0.795307	38.1362	0.394847	-6.29616
53.5	302.833	14.085	7.0311	0.0531996	755.185	0.0267607	-0.437647
54.5	291.167	14.2885	7.12866	0.0159712	2532.24	0.00802329	-0.130953
54.5	293.5	16.5688	8.2377	0.764728	39.1698	0.379362	-6.04112
54.5	295.833	15.3704	7.60714	0.101065	195.797	0.0473348	-0.730301
54.5	298.167	14.2885	7.12866	0.0159712	2532.24	0.00802329	-0.130953
54.5	300.5	16.5688	8.2377	0.764728	39.1698	0.379362	-6.04112
54.5	302.833	14.2885	7.12866	0.0159712	2532.24	0.00802329	-0.130953
55.5	291.167	14.2885	7.12866	0.0159712	2532.24	0.00802329	-0.130953
55.5	293.5	16.5688	8.2377	0.764728	39.1698	0.379362	-6.04112
55.5	295.833	19.6983	9.52103	0.441438	41.7414	0.204581	-3.12769
55.5	298.167	14.2885	7.12866	0.0159712	2532.24	0.00802329	-0.130953
55.5	300.5	16.5688	8.2377	0.764728	39.1698	0.379362	-6.04112
55.5	302.833	14.2885	7.12866	0.0159712	2532.24	0.00802329	-0.130953
56.5	291.167	14.2885	7.12866	0.0159712	2532.24	0.00802329	-0.130953
56.5	293.5	16.5688	8.2377	0.764728	39.1698	0.379362	-6.04112
56.5	295.833	19.6983	9.52103	0.441438	41.7414	0.204581	-3.12769
56.5	298.167	14.2885	7.12866	0.0159712	2532.24	0.00802329	-0.130953
56.5	300.5	16.5688	8.2377	0.764728	39.1698	0.379362	-6.04112
56.5	302.833	14.2885	7.12866	0.0159712	2532.24	0.00802329	-0.130953
57.5	291.167	14.2885	7.12866	0.0159712	2532.24	0.00802329	-0.130953
57.5	293.5	16.5688	8.2377	0.764728	39.1698	0.379362	-6.04112
57.5	295.833	19.6983	9.52103	0.441438	41.7414	0.204581	-3.12769
57.5	298.167	14.2885	7.12866	0.0159712	2532.24	0.00802329	-0.130953
57.5	300.5	16.5688	8.2377	0.764728	39.1698	0.379362	-6.04112
57.5	302.833	14.2885	7.12866	0.0159712	2532.24	0.00802329	-0.130953
58.5	291.167	14.2885	7.12866	0.0159712	2532.24	0.00802329	-0.130953
58.5	293.5	16.5688	8.2377	0.764728	39.1698	0.379362	-6.04112
58.5	295.833	19.6983	9.52103	0.441438	41.7414	0.204581	-3.12769
58.5	298.167	14.2885	7.12866	0.0159712	2532.24	0.00802329	-0.130953
58.5	300.5	16.5688	8.2377	0.764728	39.1698	0.379362	-6.04112
58.5	302.833	14.2885	7.12866	0.0159712	2532.24	0.00802329	-0.130953
59.5	291.167	14.803	7.374	0.001214	30035	0.000604743	-0.00977523
59.5	293.5	14.803	7.374	0.001214	30035	0.000604743	-0.00977523
59.5	295.833	20.2129	9.76636	0.426681	42.3811	0.197162	-3.00652
59.5	298.167	14.803	7.374	0.001214	30035	0.000604743	-0.00977523
59.5	300.5	14.803	7.374	0.001214	30035	0.000604743	-0.00977523
59.5	302.833	14.803	7.374	0.001214	30035	0.000604743	-0.00977523
