#
# Material map generated with src/programs/Utilities/mkMaterialMap
# generated: Thu Jul 23 20:51:48 2009
#
# Generated with the following parameters:
#    Nr = 50
#    Nz = 5
#  rmin = 9.75
#  rmax = 65
#  zmin = 15
#  zmax = 165
#
#  sampling points per cell:
#   n_r = 10
#   n_z = 50
# n_phi = 200
#
#  r	z	A	Z	density radlen rhoZ_overA rhoZ_overA_logI
10.3025	30	35.5784	16.1767	0.125965	199.476	0.0609031	-0.956531
10.3025	60	35.9255	16.3044	0.0194536	1828.49	0.00960502	-0.155178
10.3025	90	35.9255	16.3044	0.0194536	1828.49	0.00960502	-0.155178
10.3025	120	35.9255	16.3044	0.0194536	1828.49	0.00960502	-0.155178
10.3025	150	35.9255	16.3044	0.0194536	1828.49	0.00960502	-0.155178
11.4075	30	35.2304	16.0285	0.149103	177.93	0.072416	-1.14329
11.4075	60	35.5472	16.1432	0.0446032	828.67	0.022119	-0.358175
11.4075	90	35.5472	16.1432	0.0446032	828.67	0.022119	-0.358175
11.4075	120	35.5472	16.1432	0.0446032	828.67	0.022119	-0.358175
11.4075	150	35.5472	16.1432	0.0446032	828.67	0.022119	-0.358175
12.5125	30	35.4965	16.1418	0.131409	193.95	0.0636121	-1.00047
12.5125	60	35.8365	16.2664	0.0253711	1424.18	0.0125495	-0.202942
12.5125	90	35.8365	16.2664	0.0253711	1424.18	0.0125495	-0.202942
12.5125	120	35.8365	16.2664	0.0253711	1424.18	0.0125495	-0.202942
12.5125	150	35.8365	16.2664	0.0253711	1424.18	0.0125495	-0.202942
13.6175	30	35.5375	16.1593	0.128687	196.674	0.0622576	-0.978503
13.6175	60	35.881	16.2854	0.0224124	1601.21	0.0110773	-0.17906
13.6175	90	35.881	16.2854	0.0224124	1601.21	0.0110773	-0.17906
13.6175	120	35.881	16.2854	0.0224124	1601.21	0.0110773	-0.17906
13.6175	150	35.881	16.2854	0.0224124	1601.21	0.0110773	-0.17906
14.7225	30	35.3328	16.0721	0.142298	183.768	0.0690299	-1.08836
14.7225	60	35.6585	16.1906	0.0372062	987.48	0.0184385	-0.29847
14.7225	90	35.6585	16.1906	0.0372062	987.48	0.0184385	-0.29847
14.7225	120	35.6585	16.1906	0.0372062	987.48	0.0184385	-0.29847
14.7225	150	35.6585	16.1906	0.0372062	987.48	0.0184385	-0.29847
15.8275	30	35.5784	16.1767	0.125965	199.476	0.0609031	-0.956531
15.8275	60	35.9068	16.2964	0.0206963	1725.62	0.0102234	-0.165209
15.8275	90	35.7595	16.2336	0.0304898	1195.52	0.0150965	-0.244258
15.8275	120	35.8943	16.2911	0.0215247	1663.23	0.0106356	-0.171895
15.8275	150	35.9255	16.3044	0.0194536	1828.49	0.00960502	-0.155178
16.9325	30	35.7246	16.239	0.116246	210.167	0.0560668	-0.878079
16.9325	60	35.8456	16.2703	0.0247646	1457.21	0.0122477	-0.198046
16.9325	90	35.8695	16.2803	0.0243382	1300.64	0.0119621	-0.192701
16.9325	120	35.8414	16.2685	0.0250457	1441.71	0.0123876	-0.200315
16.9325	150	36.0605	16.3619	0.0104737	3212.42	0.00513678	-0.0826964
18.0375	30	35.4936	16.1406	0.131602	193.76	0.0637078	-1.00203
18.0375	60	35.6489	16.1865	0.0378424	971.469	0.018755	-0.303604
18.0375	90	35.6607	16.1915	0.0370583	991.28	0.0183648	-0.297276
18.0375	120	35.644	16.1844	0.0381679	963.476	0.0189169	-0.306231
18.0375	150	35.8064	16.2536	0.0273683	1325.28	0.0135433	-0.219062
19.1425	30	35.4124	16.106	0.137002	188.584	0.0663946	-1.04561
19.1425	60	35.8872	16.2881	0.0219981	1629.57	0.0108711	-0.175717
19.1425	90	35.9486	16.3142	0.017915	1974.21	0.00883946	-0.142759
19.1425	120	35.889	16.2888	0.0218798	1637.85	0.0108123	-0.174761
19.1425	150	35.7595	16.2336	0.0304898	1195.52	0.0150965	-0.244258
20.2475	30	35.4974	16.1422	0.13135	194.008	0.0635826	-0.999997
20.2475	60	35.8414	16.2685	0.0250457	1441.71	0.0123876	-0.200315
20.2475	90	35.7902	16.2467	0.0284483	1277.31	0.0140806	-0.227779
20.2475	120	35.8196	16.2592	0.0264955	1366.76	0.0131089	-0.212017
20.2475	150	35.8821	16.2859	0.0223384	1606.2	0.0110405	-0.178463
21.3525	30	35.4921	16.14	0.131705	193.658	0.0637593	-1.00286
21.3525	60	35.6042	16.1675	0.040816	903.026	0.0202346	-0.327606
21.3525	90	35.6087	16.1694	0.0405201	909.402	0.0200874	-0.325218
21.3525	120	35.6349	16.1805	0.0387744	948.926	0.0192187	-0.311127
21.3525	150	35.7564	16.2323	0.0306969	1187.8	0.0151995	-0.24593
22.4575	30	35.3025	16.0592	0.14431	182.002	0.070031	-1.1046
22.4575	60	35.9522	16.3157	0.0176783	1998.72	0.00872168	-0.140849
22.4575	90	35.8979	16.2926	0.021288	1680.59	0.0105178	-0.169985
22.4575	120	35.8489	16.2717	0.0245427	1469.68	0.0121373	-0.196255
22.4575	150	35.6211	16.1747	0.0396916	927.74	0.0196751	-0.318531
23.5625	30	35.5532	16.166	0.127637	197.746	0.061735	-0.970025
23.5625	60	35.8142	16.257	0.0268505	1349.58	0.0132856	-0.214883
23.5625	90	35.8193	16.2591	0.0265103	1366.03	0.0131163	-0.212137
23.5625	120	35.8267	16.2623	0.0260221	1390.36	0.0128734	-0.208196
23.5625	150	35.7715	16.2388	0.029691	1226.24	0.014699	-0.23781
24.6675	30	35.4772	16.1335	0.133275	190.411	0.0645035	-1.01458
24.6675	60	35.6382	16.182	0.0385525	954.198	0.0191083	-0.309336
24.6675	90	35.6449	16.1848	0.0381087	964.92	0.0188875	-0.305754
24.6675	120	35.6371	16.1815	0.0386265	952.434	0.0191451	-0.309933
24.6675	150	35.7762	16.2407	0.0293803	1238.62	0.0145444	-0.235302
25.7725	30	35.363	16.085	0.140286	185.568	0.0680288	-1.07212
25.7725	60	35.8554	16.2745	0.0241137	1494.4	0.0119238	-0.192792
25.7725	90	35.8854	16.2873	0.0221165	1621.36	0.01093	-0.176672
25.7725	120	35.8494	16.2719	0.0245131	1471.35	0.0121225	-0.196016
25.7725	150	35.7377	16.2243	0.0319396	1143.51	0.0158179	-0.25596
26.8775	30	35.442	16.1186	0.135034	190.438	0.0654155	-1.02973
26.8775	60	35.8307	16.264	0.0257558	1404	0.0127409	-0.206047
26.8775	90	35.7973	16.2498	0.0279749	1297.9	0.0138451	-0.223958
26.8775	120	35.8142	16.257	0.0268505	1349.58	0.0132856	-0.214883
26.8775	150	35.7811	16.2428	0.0290548	1251.87	0.0143824	-0.232675
27.9825	30	35.4645	16.1282	0.13354	191.87	0.0646721	-1.01767
27.9825	60	35.6333	16.1799	0.038878	946.486	0.0192703	-0.311963
27.9825	90	35.5755	16.1552	0.0427244	863.962	0.0211842	-0.34301
27.9825	120	35.6434	16.1841	0.0382122	962.396	0.018939	-0.30659
27.9825	150	35.7929	16.2479	0.0282707	1284.96	0.0139923	-0.226346
29.0875	30	35.3859	16.0947	0.138762	186.955	0.0672706	-1.05982
29.0875	60	35.8516	16.2729	0.0243652	1479.81	0.0120489	-0.194822
29.0875	90	35.883	16.2863	0.0222792	1610.21	0.011011	-0.177985
29.0875	120	35.8351	16.2659	0.0254599	1419.47	0.0125937	-0.203658
29.0875	150	35.7515	16.2302	0.0310224	1175.87	0.0153615	-0.248557
30.1925	30	35.5125	16.1487	0.130344	195.007	0.0630821	-0.991877
30.1925	60	36.061	16.3621	0.0104441	3220.45	0.00512206	-0.0824576
30.1925	90	36.1146	16.3849	0.00687877	4608.91	0.00334801	-0.0536798
30.1925	120	36.0865	16.373	0.0087428	3761.12	0.00427552	-0.0687254
30.1925	150	35.8879	16.2883	0.0219537	1632.66	0.0108491	-0.175358
31.2975	30	35.517	16.1506	0.130048	195.303	0.0629348	-0.989488
31.2975	60	35.8587	16.2759	0.0238917	1507.51	0.0118134	-0.191001
31.2975	90	35.8587	16.2759	0.0238917	1507.51	0.0118134	-0.191001
31.2975	120	35.8587	16.2759	0.0238917	1507.51	0.0118134	-0.191001
31.2975	150	35.8587	16.2759	0.0238917	1507.51	0.0118134	-0.191001
32.4025	30	35.4556	16.1244	0.134132	191.3	0.0649665	-1.02245
32.4025	60	35.792	16.2475	0.0283299	1282.4	0.0140217	-0.226824
32.4025	90	35.792	16.2475	0.0283299	1282.4	0.0140217	-0.226824
32.4025	120	35.792	16.2475	0.0283299	1282.4	0.0140217	-0.226824
32.4025	150	35.792	16.2475	0.0283299	1282.4	0.0140217	-0.226824
33.5075	30	35.4863	16.1375	0.13209	193.281	0.0639507	-1.00597
33.5075	60	35.8254	16.2617	0.0261108	1385.87	0.0129176	-0.208912
33.5075	90	35.8254	16.2617	0.0261108	1385.87	0.0129176	-0.208912
33.5075	120	35.8254	16.2617	0.0261108	1385.87	0.0129176	-0.208912
33.5075	150	35.8254	16.2617	0.0261108	1385.87	0.0129176	-0.208912
34.6125	30	35.517	16.1506	0.130048	195.303	0.0629348	-0.989488
34.6125	60	35.8587	16.2759	0.0238917	1507.51	0.0118134	-0.191001
34.6125	90	35.8587	16.2759	0.0238917	1507.51	0.0118134	-0.191001
34.6125	120	35.8587	16.2759	0.0238917	1507.51	0.0118134	-0.191001
34.6125	150	35.8587	16.2759	0.0238917	1507.51	0.0118134	-0.191001
35.7175	30	35.4146	16.107	0.136854	188.722	0.066321	-1.04442
35.7175	60	35.7475	16.2285	0.0312887	1166.29	0.015494	-0.250706
35.7175	90	35.7475	16.2285	0.0312887	1166.29	0.015494	-0.250706
35.7175	120	35.7475	16.2285	0.0312887	1166.29	0.015494	-0.250706
35.7175	150	35.7475	16.2285	0.0312887	1166.29	0.015494	-0.250706
36.8225	30	35.5268	16.1547	0.129398	195.956	0.0626109	-0.984234
36.8225	60	35.7106	16.2128	0.0337445	1084.77	0.0167159	-0.270528
36.8225	90	35.6968	16.2069	0.0346617	1057.18	0.0171723	-0.277931
36.8225	120	35.6968	16.2069	0.0346617	1057.18	0.0171723	-0.277931
36.8225	150	35.838	16.2671	0.0252676	1429.71	0.012498	-0.202106
37.9275	30	35.5154	16.1499	0.130152	195.199	0.0629864	-0.990324
37.9275	60	35.6824	16.2007	0.0362016	967.852	0.0179019	-0.289409
37.9275	90	35.6994	16.208	0.0344842	1062.41	0.017084	-0.276498
37.9275	120	35.6434	16.1841	0.0382122	962.396	0.018939	-0.30659
37.9275	150	35.8349	16.2658	0.0254747	1418.69	0.012601	-0.203778
39.0325	30	35.3239	16.0683	0.14289	183.245	0.0693243	-1.09314
39.0325	60	35.8601	16.2765	0.023803	1512.83	0.0117692	-0.190285
39.0325	90	35.8681	16.2799	0.0232704	1545.5	0.0115042	-0.185986
39.0325	120	35.8647	16.2785	0.0234923	1531.71	0.0116146	-0.187777
39.0325	150	35.6761	16.1981	0.0360375	1018.31	0.0178569	-0.289036
40.1375	30	35.3804	16.0924	0.139132	186.616	0.0674546	-1.06281
40.1375	60	35.6946	16.2059	0.0353879	988.272	0.017497	-0.282841
40.1375	90	35.7949	16.2487	0.0281376	1290.75	0.013926	-0.225272
40.1375	120	35.7223	16.2178	0.0329604	1109.53	0.0163258	-0.264199
40.1375	150	35.6885	16.2034	0.0352091	1041.36	0.0174447	-0.282349
41.2425	30	35.4329	16.1147	0.135641	189.862	0.0657174	-1.03463
41.2425	60	35.6244	16.1761	0.0394697	932.779	0.0195647	-0.316739
41.2425	90	35.6939	16.2057	0.034854	1051.57	0.017268	-0.279484
41.2425	120	35.6182	16.1734	0.0398839	923.417	0.0197708	-0.320083
41.2425	150	35.7519	16.2304	0.0309928	1176.95	0.0153468	-0.248318
42.3475	30	35.4356	16.1159	0.135463	190.03	0.065629	-1.03319
42.3475	60	35.8351	16.2659	0.0254599	1419.47	0.0125937	-0.203658
42.3475	90	35.8605	16.2767	0.0237734	1514.6	0.0117545	-0.190046
42.3475	120	35.8376	16.2669	0.0252972	1428.13	0.0125127	-0.202345
42.3475	150	35.8016	16.2515	0.0282721	1211.88	0.0139563	-0.225405
43.4525	30	35.367	16.0867	0.14002	185.809	0.0678963	-1.06997
43.4525	60	35.7221	16.2177	0.0329752	1109.06	0.0163332	-0.264319
43.4525	90	35.8205	16.2596	0.0264363	1369.67	0.0130795	-0.211539
43.4525	120	35.7626	16.235	0.0302827	1203.33	0.0149934	-0.242586
43.4525	150	35.6865	16.2025	0.0353422	1037.59	0.0175109	-0.283424
44.5575	30	35.2718	16.0461	0.146351	180.245	0.0710469	-1.12108
44.5575	60	35.6251	16.1764	0.0394253	933.793	0.0195426	-0.316381
44.5575	90	35.5877	16.1604	0.0419107	880.196	0.0207793	-0.336442
44.5575	120	35.5946	16.1634	0.0414521	889.618	0.0205511	-0.33274
44.5575	150	35.63	16.1785	0.0390999	941.299	0.0193807	-0.313754
45.6625	30	35.5103	16.1477	0.130492	194.859	0.0631557	-0.993071
45.6625	60	35.7439	16.227	0.0315254	1157.9	0.0156118	-0.252616
45.6625	90	35.7929	16.2479	0.0282707	1284.96	0.0139923	-0.226346
45.6625	120	35.7252	16.219	0.0327681	1115.78	0.0162301	-0.262647
45.6625	150	35.8652	16.2787	0.0234627	1533.54	0.0115999	-0.187538
46.7675	30	35.3713	16.0885	0.139738	186.064	0.0677564	-1.0677
46.7675	60	35.8497	16.272	0.0250766	1348.93	0.0123662	-0.199613
46.7675	90	35.8719	16.2815	0.0230189	1561.42	0.0113791	-0.183956
46.7675	120	35.8472	16.271	0.024661	1463	0.0121962	-0.19721
46.7675	150	35.7596	16.2335	0.0316464	1041.02	0.0155986	-0.251689
47.8725	30	35.3021	16.059	0.144339	181.977	0.0700457	-1.10484
47.8725	60	35.6376	16.1817	0.0385969	953.139	0.0191304	-0.309694
47.8725	90	35.6389	16.1823	0.0385081	955.26	0.0190862	-0.308978
47.8725	120	35.6244	16.1761	0.0394697	932.779	0.0195647	-0.316739
47.8725	150	35.6374	16.1816	0.0386117	952.787	0.0191378	-0.309814
48.9775	30	35.509	16.1472	0.130581	194.771	0.0631998	-0.993787
48.9775	60	35.9215	16.3027	0.0197199	1805.43	0.00973752	-0.157327
48.9775	90	35.8859	16.2875	0.0220869	1623.4	0.0109153	-0.176433
48.9775	120	35.9382	16.3098	0.0186103	1905.58	0.00918543	-0.148372
48.9775	150	35.8414	16.2685	0.0250457	1441.71	0.0123876	-0.200315
50.0825	30	35.4952	16.1413	0.131498	193.862	0.0636562	-1.00119
50.0825	60	35.8476	16.2712	0.0246314	1464.66	0.0121814	-0.196972
50.0825	90	35.8476	16.2712	0.0246314	1464.66	0.0121814	-0.196972
50.0825	120	35.8476	16.2712	0.0246314	1464.66	0.0121814	-0.196972
50.0825	150	35.8476	16.2712	0.0246314	1464.66	0.0121814	-0.196972
51.1875	30	35.3942	16.0982	0.138215	187.458	0.0669982	-1.0554
51.1875	60	35.7252	16.219	0.0327681	1115.78	0.0162301	-0.262647
51.1875	90	35.7252	16.219	0.0327681	1115.78	0.0162301	-0.262647
51.1875	120	35.7252	16.219	0.0327681	1115.78	0.0162301	-0.262647
51.1875	150	35.7252	16.219	0.0327681	1115.78	0.0162301	-0.262647
52.2925	30	35.4044	16.1026	0.137534	188.088	0.0666596	-1.04991
52.2925	60	35.7364	16.2238	0.0320284	1140.48	0.015862	-0.256676
52.2925	90	35.7364	16.2238	0.0320284	1140.48	0.015862	-0.256676
52.2925	120	35.7364	16.2238	0.0320284	1140.48	0.015862	-0.256676
52.2925	150	35.7364	16.2238	0.0320284	1140.48	0.015862	-0.256676
53.3975	30	35.517	16.1506	0.130048	195.303	0.0629348	-0.989488
53.3975	60	35.8587	16.2759	0.0238917	1507.51	0.0118134	-0.191001
53.3975	90	35.8587	16.2759	0.0238917	1507.51	0.0118134	-0.191001
53.3975	120	35.8587	16.2759	0.0238917	1507.51	0.0118134	-0.191001
53.3975	150	35.8587	16.2759	0.0238917	1507.51	0.0118134	-0.191001
54.5025	30	35.4249	16.1113	0.136173	189.36	0.0659824	-1.03892
54.5025	60	35.7586	16.2333	0.030549	1193.3	0.0151259	-0.244735
54.5025	90	35.7586	16.2333	0.030549	1193.3	0.0151259	-0.244735
54.5025	120	35.7586	16.2333	0.030549	1193.3	0.0151259	-0.244735
54.5025	150	35.7586	16.2333	0.030549	1193.3	0.0151259	-0.244735
55.6075	30	34.6614	15.8387	0.403866	60.0572	0.194761	-3.04788
55.6075	60	35.0489	15.9815	0.286325	85.266	0.138145	-2.16334
55.6075	90	35.0489	15.9815	0.286325	85.266	0.138145	-2.16334
55.6075	120	35.0489	15.9815	0.286325	85.266	0.138145	-2.16334
55.6075	150	35.0489	15.9815	0.286325	85.266	0.138145	-2.16334
56.7125	30	16.4593	8.13914	0.368249	65.1395	0.177444	-2.77364
56.7125	60	16.0209	7.9366	0.271093	88.5206	0.130633	-2.04203
56.7125	90	16.0209	7.9366	0.271093	88.5206	0.130633	-2.04203
56.7125	120	16.0209	7.9366	0.271093	88.5206	0.130633	-2.04203
56.7125	150	16.0209	7.9366	0.271093	88.5206	0.130633	-2.04203
57.8175	30	15.3204	7.61299	0.115858	207.553	0.0558409	-0.873076
57.8175	60	14.8274	7.38525	0.00661157	3867.5	0.00320532	-0.0504203
57.8175	90	14.8274	7.38525	0.00661157	3867.5	0.00320532	-0.0504203
57.8175	120	14.8274	7.38525	0.00661157	3867.5	0.00320532	-0.0504203
57.8175	150	14.8274	7.38525	0.00661157	3867.5	0.00320532	-0.0504203
58.9225	30	15.3447	7.62424	0.121256	198.283	0.0584415	-0.913721
58.9225	60	14.8518	7.3965	0.0120091	2066.82	0.00580589	-0.0910653
58.9225	90	14.8518	7.3965	0.0120091	2066.82	0.00580589	-0.0910653
58.9225	120	14.8518	7.3965	0.0120091	2066.82	0.00580589	-0.0910653
58.9225	150	14.8518	7.3965	0.0120091	2066.82	0.00580589	-0.0910653
60.0275	30	14.9492	7.44151	0.0335994	722.065	0.0162082	-0.253646
60.0275	60	14.803	7.374	0.001214	30035	0.000604743	-0.00977523
60.0275	90	14.803	7.374	0.001214	30035	0.000604743	-0.00977523
60.0275	120	14.803	7.374	0.001214	30035	0.000604743	-0.00977523
60.0275	150	14.803	7.374	0.001214	30035	0.000604743	-0.00977523
61.1325	30	19.8993	9.65895	0.401621	45.5639	0.187449	-2.86352
61.1325	60	19.8993	9.65895	0.401621	45.5639	0.187449	-2.86352
61.1325	90	19.8993	9.65895	0.401621	45.5639	0.187449	-2.86352
61.1325	120	19.8993	9.65895	0.401621	45.5639	0.187449	-2.86352
61.1325	150	19.8993	9.65895	0.401621	45.5639	0.187449	-2.86352
62.2375	30	19.8993	9.65895	0.401621	45.5639	0.187449	-2.86352
62.2375	60	19.8993	9.65895	0.401621	45.5639	0.187449	-2.86352
62.2375	90	19.8993	9.65895	0.401621	45.5639	0.187449	-2.86352
62.2375	120	19.8993	9.65895	0.401621	45.5639	0.187449	-2.86352
62.2375	150	19.8993	9.65895	0.401621	45.5639	0.187449	-2.86352
63.3425	30	14.803	7.374	0.001214	30035	0.000604743	-0.00977523
63.3425	60	14.803	7.374	0.001214	30035	0.000604743	-0.00977523
63.3425	90	14.803	7.374	0.001214	30035	0.000604743	-0.00977523
63.3425	120	14.803	7.374	0.001214	30035	0.000604743	-0.00977523
63.3425	150	14.803	7.374	0.001214	30035	0.000604743	-0.00977523
64.4475	30	22.646	10.9971	1.73923	13.7797	0.837989	-13.0975
64.4475	60	23.328	11.3122	1.89036	12.6778	0.910805	-14.2355
64.4475	90	23.328	11.3122	1.89036	12.6778	0.910805	-14.2355
64.4475	120	23.328	11.3122	1.89036	12.6778	0.910805	-14.2355
64.4475	150	23.328	11.3122	1.89036	12.6778	0.910805	-14.2355
