#% x z      bx bz     nx        nz
0 172.72 0 -2.1604 -0.3283 0.00314727
0 175.26 0 -2.1625 -0.32954 0.000703828
0 177.8 0 -2.1644 -0.328338 0.00159157
0 180.34 0 -2.1662 -0.328957 0.00162477
0 182.88 0 -2.1678 -0.329383 0.00181964
0 185.42 0 -2.1693 -0.329084 0.0026648
0 187.96 0 -2.1707 -0.328728 0.00171212
0 190.5 0 -2.172 -0.328255 0.00274683
0 193.04 0 -2.1732 -0.329262 0.00107786
0 195.58 0 -2.1744 -0.327918 0.00316091
0 231.14 0 -2.1744 -0.327918 0.00316091
0 233.68 0 -2.1744 -0.327918 0.00316091
0 236.22 0 -2.1954 -0.32853 0.00159554
0 238.76 0 -2.1968 -0.328409 0.000868123
0 241.3 0 -2.1982 -0.329665 0.000880507
0 243.84 0 -2.1996 -0.3283 0.00314727
0 246.38 0 -2.2009 -0.329458 0.000588051
0 248.92 0 -2.2021 -0.328985 0.00214527
0 251.46 0 -2.2033 -0.328567 0.000981199
0 254 0 -2.2044 -0.329201 -0.000718847
0 287.02 0 -2.1943 -0.329354 0.000558987
0 289.56 0 -2.1898 -0.328293 0.000954994
0 292.1 0 -2.1844 -0.3303 -0.00149951
0 294.64 0 -2.1781 -0.328231 0.00126558
0 297.18 0 -2.1707 -0.328245 0.00249279
0 299.72 0 -2.1621 -0.3297 -0.00111246
0 302.26 0 -2.1522 -0.32879 0.000754303
0 304.8 0 -2.141 -0.329525 0.00205771
0 307.34 0 -2.1285 -0.328376 0.000242075
0 309.88 0 -2.1144 -0.329288 2.63933e-05
0 340.36 0 -1.8115 -0.284389 0.0025546
0 342.9 0 -1.775 -0.279045 0.00178621
0 345.44 0 -1.737 -0.272813 0.000446058
0 347.98 0 -1.6975 -0.267716 8.07147e-05
0 350.52 0 -1.6567 -0.260793 0.00035154
0 353.06 0 -1.6147 -0.253675 0.00199642
0 355.6 0 -1.5716 -0.247962 0.000826286
0 358.14 0 -1.5275 -0.240475 0.00180764
0 360.68 0 -1.4826 -0.233539 0.00175346
0 363.22 0 -1.4371 -0.228195 -0.000264414
2.54 172.72 0 -2.1605 -0.327759 0.00250127
2.54 175.26 0 -2.1626 -0.329819 -0.00028124
2.54 177.8 0 -2.1645 -0.327894 0.00108277
2.54 180.34 0 -2.1662 -0.328822 0.0013408
2.54 182.88 0 -2.1678 -0.329036 -0.000133672
2.54 185.42 0 -2.1693 -0.328215 0.00218134
2.54 187.96 0 -2.1707 -0.329632 -0.00111648
2.54 190.5 0 -2.172 -0.32834 0.00264417
2.54 193.04 0 -2.1732 -0.328517 0.00195644
2.54 195.58 0 -2.1745 -0.329642 -0.000397943
2.54 231.14 0 -2.1745 -0.329642 -0.000397943
2.54 233.68 0 -2.1745 -0.329642 -0.000397943
2.54 236.22 0 -2.1954 -0.329616 -0.00232022
2.54 238.76 0 -2.1968 -0.329136 0.000484546
2.54 241.3 0 -2.1982 -0.328917 0.00168079
2.54 243.84 0 -2.1996 -0.329059 0.00114947
2.54 246.38 0 -2.2009 -0.329194 0.000245946
2.54 248.92 0 -2.2021 -0.328364 0.0013907
2.54 251.46 0 -2.2033 -0.32882 0.00138526
2.54 254 0 -2.2044 -0.328804 0.000281064
2.54 287.02 0 -2.1945 -0.328769 0.00196614
2.54 289.56 0 -2.19 -0.328281 0.00230954
2.54 292.1 0 -2.1847 -0.32836 0.00256806
2.54 294.64 0 -2.1783 -0.328927 0.00243826
2.54 297.18 0 -2.1709 -0.32839 0.00186072
2.54 299.72 0 -2.1624 -0.328892 0.000101118
2.54 302.26 0 -2.1526 -0.328772 0.00173104
2.54 304.8 0 -2.1414 -0.328103 0.0026387
2.54 307.34 0 -2.1288 -0.328407 0.00171403
2.54 309.88 0 -2.1148 -0.329009 0.00269133
2.54 340.36 0 -1.8119 -0.285524 0.00371511
2.54 342.9 0 -1.7754 -0.278165 0.00304109
2.54 345.44 0 -1.7373 -0.273279 0.0036689
2.54 347.98 0 -1.6978 -0.266664 0.00464789
2.54 350.52 0 -1.657 -0.261381 0.00470604
2.54 353.06 0 -1.6149 -0.255535 0.00404611
2.54 355.6 0 -1.5718 -0.249479 0.00334573
2.54 358.14 0 -1.5277 -0.239908 0.0048068
2.54 360.68 0 -1.4828 -0.235484 0.00347232
2.54 363.22 0 -1.4372 -0.227853 0.00377537
5.08 172.72 0 -2.1606 -0.327998 0.000699667
5.08 175.26 0 -2.1627 -0.328577 0.00162765
5.08 177.8 0 -2.1646 -0.328427 0.00028929
5.08 180.34 0 -2.1663 -0.328277 0.00162988
5.08 182.88 0 -2.1679 -0.327538 0.0011388
5.08 185.42 0 -2.1694 -0.329856 -0.00106575
5.08 187.96 0 -2.1707 -0.329221 -0.000353847
5.08 190.5 0 -2.172 -0.327541 0.00163279
5.08 193.04 0 -2.1733 -0.329382 -0.000747291
5.08 195.58 0 -2.1745 -0.328433 0.0010369
5.08 231.14 0 -2.1745 -0.328433 0.0010369
5.08 233.68 0 -2.1745 -0.328433 0.0010369
5.08 236.22 0 -2.1954 -0.328586 0.0020599
5.08 238.76 0 -2.1968 -0.3295 -0.000179996
5.08 241.3 0 -2.1982 -0.3282 0.00124215
5.08 243.84 0 -2.1996 -0.328409 0.00158774
5.08 246.38 0 -2.2009 -0.329636 -0.000108976
5.08 248.92 0 -2.2022 -0.328873 0.000624873
5.08 251.46 0 -2.2034 -0.328799 0.0014965
5.08 254 0 -2.2045 -0.328193 0.00221275
5.08 287.02 0 -2.1951 -0.328931 0.00235469
5.08 289.56 0 -2.1907 -0.328409 0.00114858
5.08 292.1 0 -2.1854 -0.329514 0.00127273
5.08 294.64 0 -2.1792 -0.329184 0.00341892
5.08 297.18 0 -2.1718 -0.32888 0.00180581
5.08 299.72 0 -2.1633 -0.329416 0.000320236
5.08 302.26 0 -2.1536 -0.329509 0.00164747
5.08 304.8 0 -2.1425 -0.328677 0.00326233
5.08 307.34 0 -2.13 -0.329485 0.00207485
5.08 309.88 0 -2.1159 -0.328175 0.00420457
5.08 340.36 0 -1.8131 -0.284771 0.00687938
5.08 342.9 0 -1.7765 -0.277947 0.00943078
5.08 345.44 0 -1.7384 -0.274085 0.00650138
5.08 347.98 0 -1.6988 -0.266667 0.00820295
5.08 350.52 0 -1.6579 -0.261524 0.00695736
5.08 353.06 0 -1.6158 -0.255156 0.00772476
5.08 355.6 0 -1.5725 -0.248069 0.00820116
5.08 358.14 0 -1.5283 -0.24075 0.00869761
5.08 360.68 0 -1.4833 -0.23364 0.00872476
5.08 363.22 0 -1.4376 -0.228577 0.0079137
7.62 172.72 0 -2.1609 -0.328242 0.00115521
7.62 175.26 0 -2.1629 -0.327721 0.00240009
7.62 177.8 0 -2.1648 -0.329574 -4.71703e-05
7.62 180.34 0 -2.1665 -0.3291 -0.000521186
7.62 182.88 0 -2.168 -0.328654 0.00162721
7.62 185.42 0 -2.1695 -0.328849 -0.000910709
7.62 187.96 0 -2.1708 -0.328806 5.97255e-05
7.62 190.5 0 -2.1721 -0.328647 -0.000374403
7.62 193.04 0 -2.1733 -0.32902 0.000747067
7.62 195.58 0 -2.1745 -0.329199 0.000704372
7.62 231.14 0 -2.1745 -0.329199 0.000704372
7.62 233.68 0 -2.1745 -0.329199 0.000704372
7.62 236.22 0 -2.1954 -0.328835 -0.000369307
7.62 238.76 0 -2.1969 -0.328206 0.00199209
7.62 241.3 0 -2.1983 -0.33004 -0.000492635
7.62 243.84 0 -2.1997 -0.329384 -0.000602113
7.62 246.38 0 -2.201 -0.328801 0.000816544
7.62 248.92 0 -2.2023 -0.329223 -0.000428923
7.62 251.46 0 -2.2035 -0.328035 0.00191109
7.62 254 0 -2.2046 -0.328568 0.00126759
7.62 287.02 0 -2.1961 -0.328737 0.00345975
7.62 289.56 0 -2.1918 -0.328972 0.00323531
7.62 292.1 0 -2.1866 -0.329279 0.000309301
7.62 294.64 0 -2.1805 -0.329574 0.00277854
7.62 297.18 0 -2.1733 -0.329189 0.00286848
7.62 299.72 0 -2.1649 -0.328727 0.0040729
7.62 302.26 0 -2.1552 -0.328781 0.00185373
7.62 304.8 0 -2.1443 -0.328463 0.00462756
7.62 307.34 0 -2.1318 -0.328733 0.00306746
7.62 309.88 0 -2.1179 -0.328832 0.00535129
7.62 340.36 0 -1.8151 -0.283634 0.0105521
7.62 342.9 0 -1.7784 -0.279393 0.00917768
7.62 345.44 0 -1.7402 -0.273 0.0117272
7.62 347.98 0 -1.7005 -0.267351 0.0110304
7.62 350.52 0 -1.6594 -0.260196 0.0115947
7.62 353.06 0 -1.6171 -0.255679 0.0106553
7.62 355.6 0 -1.5737 -0.247885 0.0118012
7.62 358.14 0 -1.5294 -0.240449 0.011766
7.62 360.68 0 -1.4841 -0.234795 0.0128988
7.62 363.22 0 -1.4383 -0.226525 0.0131026
10.16 172.72 0 -2.1612 -0.328039 -0.000561659
10.16 175.26 0 -2.1632 -0.328689 0.00122194
10.16 177.8 0 -2.165 -0.329001 -0.000336847
10.16 180.34 0 -2.1667 -0.328201 0.00125669
10.16 182.88 0 -2.1683 -0.329035 7.21257e-05
10.16 185.42 0 -2.1697 -0.329073 -0.000195104
10.16 187.96 0 -2.171 -0.328698 0.00123299
10.16 190.5 0 -2.1722 -0.328599 0.00196673
10.16 193.04 0 -2.1734 -0.32965 -0.00133578
10.16 195.58 0 -2.1745 -0.328421 0.0014857
10.16 231.14 0 -2.1745 -0.328421 0.0014857
10.16 233.68 0 -2.1745 -0.328421 0.0014857
10.16 236.22 0 -2.1954 -0.328838 0.00107534
10.16 238.76 0 -2.1969 -0.32927 -0.000285132
10.16 241.3 0 -2.1983 -0.329772 -0.00109799
10.16 243.84 0 -2.1997 -0.328666 0.00135222
10.16 246.38 0 -2.2011 -0.329818 -0.00119364
10.16 248.92 0 -2.2024 -0.328745 0.000444685
10.16 251.46 0 -2.2037 -0.329274 -0.00156699
10.16 254 0 -2.2048 -0.328543 0.00210876
10.16 287.02 0 -2.1975 -0.328161 0.00336831
10.16 289.56 0 -2.1934 -0.328014 0.00428775
10.16 292.1 0 -2.1884 -0.328526 0.000422762
10.16 294.64 0 -2.1824 -0.32805 0.00303763
10.16 297.18 0 -2.1753 -0.329096 0.00224744
10.16 299.72 0 -2.1671 -0.329152 0.00331593
10.16 302.26 0 -2.1576 -0.328412 0.00363551
10.16 304.8 0 -2.1467 -0.328403 0.00669774
10.16 307.34 0 -2.1345 -0.329647 0.00355522
10.16 309.88 0 -2.1207 -0.329322 0.00480483
10.16 340.36 0 -1.818 -0.285484 0.01229
10.16 342.9 0 -1.7812 -0.278883 0.0142536
10.16 345.44 0 -1.7427 -0.273662 0.0144087
10.16 347.98 0 -1.7029 -0.267254 0.0146004
10.16 350.52 0 -1.6616 -0.260785 0.0146594
10.16 353.06 0 -1.6191 -0.254695 0.0148112
10.16 355.6 0 -1.5754 -0.248137 0.0150118
10.16 358.14 0 -1.5308 -0.242542 0.015272
10.16 360.68 0 -1.4853 -0.234252 0.0159171
10.16 363.22 0 -1.4392 -0.229267 0.01563
12.7 172.72 0 -2.1616 -0.328804 -6.76165e-05
12.7 175.26 0 -2.1636 -0.329851 -0.00116542
12.7 177.8 0 -2.1654 -0.328283 0.000494644
12.7 180.34 0 -2.167 -0.329293 -0.00155242
12.7 182.88 0 -2.1685 -0.327872 0.00243081
12.7 185.42 0 -2.1699 -0.328997 8.7918e-05
12.7 187.96 0 -2.1712 -0.328215 0.000841235
12.7 190.5 0 -2.1724 -0.328615 0.00092216
12.7 193.04 0 -2.1735 -0.329058 -0.000257041
12.7 195.58 0 -2.1746 -0.329265 7.48469e-06
12.7 231.14 0 -2.1746 -0.329265 7.48469e-06
12.7 233.68 0 -2.1746 -0.329265 7.48469e-06
12.7 236.22 0 -2.1955 -0.328762 -0.00124266
12.7 238.76 0 -2.1969 -0.328707 -0.0003409
12.7 241.3 0 -2.1984 -0.328097 0.000647096
12.7 243.84 0 -2.1998 -0.32931 -0.000484535
12.7 246.38 0 -2.2012 -0.329366 0.00105068
12.7 248.92 0 -2.2026 -0.329684 -0.00138574
12.7 251.46 0 -2.2039 -0.3282 0.00170565
12.7 254 0 -2.2051 -0.329983 -0.000768726
12.7 287.02 0 -2.1993 -0.328739 0.00197573
12.7 289.56 0 -2.1954 -0.328944 0.00333671
12.7 292.1 0 -2.1906 -0.328762 0.00344484
12.7 294.64 0 -2.1848 -0.328372 0.0041876
12.7 297.18 0 -2.1779 -0.328014 0.00394149
12.7 299.72 0 -2.1699 -0.329714 0.00258837
12.7 302.26 0 -2.1606 -0.328902 0.00416147
12.7 304.8 0 -2.15 -0.329067 0.0049994
12.7 307.34 0 -2.1379 -0.328079 0.00748771
12.7 309.88 0 -2.1242 -0.328817 0.00650581
12.7 340.36 0 -1.8217 -0.28576 0.0164331
12.7 342.9 0 -1.7847 -0.278371 0.0163056
12.7 345.44 0 -1.746 -0.27388 0.0171717
12.7 347.98 0 -1.7059 -0.268132 0.017406
12.7 350.52 0 -1.6644 -0.260454 0.0182629
12.7 353.06 0 -1.6216 -0.2552 0.0186991
12.7 355.6 0 -1.5776 -0.248385 0.0198289
12.7 358.14 0 -1.5327 -0.241058 0.0189241
12.7 360.68 0 -1.4869 -0.236079 0.0200441
12.7 363.22 0 -1.4404 -0.226974 0.019591
15.24 172.72 0 -2.1622 -0.328472 0.00152953
15.24 175.26 0 -2.1641 -0.329684 -0.00247252
15.24 177.8 0 -2.1658 -0.329146 -0.00149677
15.24 180.34 0 -2.1674 -0.327988 0.00230294
15.24 182.88 0 -2.1688 -0.329141 0.000434728
15.24 185.42 0 -2.1702 -0.329126 0.00106539
15.24 187.96 0 -2.1714 -0.328266 0.00188738
15.24 190.5 0 -2.1725 -0.329047 0.00151821
15.24 193.04 0 -2.1736 -0.328978 0.000778837
15.24 195.58 0 -2.1747 -0.328737 0.000650747
15.24 231.14 0 -2.1747 -0.328737 0.000650747
15.24 233.68 0 -2.1747 -0.328737 0.000650747
15.24 236.22 0 -2.1955 -0.329153 -0.000855697
15.24 238.76 0 -2.197 -0.328509 0.000984711
15.24 241.3 0 -2.1985 -0.32979 -0.00130691
15.24 243.84 0 -2.2 -0.328466 -0.00113349
15.24 246.38 0 -2.2014 -0.329013 -0.000850226
15.24 248.92 0 -2.2028 -0.329846 -0.000335708
15.24 251.46 0 -2.2041 -0.328253 0.00175452
15.24 254 0 -2.2053 -0.328248 0.00219476
15.24 287.02 0 -2.2015 -0.32768 0.0024582
15.24 289.56 0 -2.1978 -0.32983 0.00321895
15.24 292.1 0 -2.1932 -0.327857 0.00455732
15.24 294.64 0 -2.1877 -0.328607 0.00328019
15.24 297.18 0 -2.1811 -0.328236 0.00539774
15.24 299.72 0 -2.1734 -0.329151 0.00300557
15.24 302.26 0 -2.1643 -0.32827 0.00490213
15.24 304.8 0 -2.1539 -0.327966 0.00804008
15.24 307.34 0 -2.1421 -0.329096 0.00823507
15.24 309.88 0 -2.1286 -0.327888 0.0101902
15.24 340.36 0 -1.8262 -0.286255 0.0198789
15.24 342.9 0 -1.789 -0.27984 0.0208689
15.24 345.44 0 -1.7501 -0.275334 0.019643
15.24 347.98 0 -1.7097 -0.268953 0.020946
15.24 350.52 0 -1.6678 -0.261562 0.0216839
15.24 353.06 0 -1.6247 -0.255766 0.0223606
15.24 355.6 0 -1.5803 -0.249342 0.0227164
15.24 358.14 0 -1.535 -0.241223 0.023906
15.24 360.68 0 -1.4888 -0.232562 0.0246748
15.24 363.22 0 -1.4418 -0.226219 0.024857
17.78 172.72 0 -2.1628 -0.328717 -0.000804359
17.78 175.26 0 -2.1647 -0.328873 -0.00101956
17.78 177.8 0 -2.1664 -0.328841 -0.00147001
17.78 180.34 0 -2.1679 -0.329462 -0.00160306
17.78 182.88 0 -2.1692 -0.328429 0.000939966
17.78 185.42 0 -2.1705 -0.329175 -0.000419069
17.78 187.96 0 -2.1716 -0.328707 0.000712506
17.78 190.5 0 -2.1727 -0.32811 0.000338174
17.78 193.04 0 -2.1737 -0.329174 0.000749851
17.78 195.58 0 -2.1747 -0.329963 -0.00180555
17.78 231.14 0 -2.1747 -0.329963 -0.00180555
17.78 233.68 0 -2.1747 -0.329963 -0.00180555
17.78 236.22 0 -2.1955 -0.328523 0.000882109
17.78 238.76 0 -2.1971 -0.328109 -0.0014538
17.78 241.3 0 -2.1986 -0.329926 -0.00172796
17.78 243.84 0 -2.2001 -0.329307 -0.00137107
17.78 246.38 0 -2.2016 -0.328604 0.000602357
17.78 248.92 0 -2.203 -0.329486 -0.00138279
17.78 251.46 0 -2.2044 -0.329157 -0.000252519
17.78 254 0 -2.2057 -0.330464 -0.00199412
17.78 287.02 0 -2.2041 -0.328506 0.000534913
17.78 289.56 0 -2.2007 -0.330093 0.00155955
17.78 292.1 0 -2.1964 -0.329675 0.00234627
17.78 294.64 0 -2.1912 -0.328295 0.00543897
17.78 297.18 0 -2.1849 -0.32941 0.00392025
17.78 299.72 0 -2.1775 -0.32826 0.00789189
17.78 302.26 0 -2.1687 -0.328555 0.00663753
17.78 304.8 0 -2.1586 -0.32809 0.00805549
17.78 307.34 0 -2.147 -0.32863 0.00890374
17.78 309.88 0 -2.1339 -0.327899 0.010127
17.78 340.36 0 -1.8317 -0.287978 0.022102
17.78 342.9 0 -1.7942 -0.281009 0.0227576
17.78 345.44 0 -1.755 -0.27584 0.0231275
17.78 347.98 0 -1.7142 -0.26838 0.0241044
17.78 350.52 0 -1.6719 -0.262605 0.0249973
17.78 353.06 0 -1.6284 -0.257977 0.024415
17.78 355.6 0 -1.5836 -0.248348 0.0280207
17.78 358.14 0 -1.5377 -0.242407 0.0264905
17.78 360.68 0 -1.491 -0.233993 0.0281861
17.78 363.22 0 -1.4436 -0.22833 0.0278442
20.32 172.72 0 -2.1636 -0.32754 0.000251825
20.32 175.26 0 -2.1654 -0.328359 8.20453e-05
20.32 177.8 0 -2.167 -0.328337 0.00137405
20.32 180.34 0 -2.1684 -0.327796 -0.00075421
20.32 182.88 0 -2.1697 -0.32834 -3.4406e-05
20.32 185.42 0 -2.1708 -0.32859 0.0016743
20.32 187.96 0 -2.1719 -0.328222 0.00208745
20.32 190.5 0 -2.1729 -0.3289 0.000903287
20.32 193.04 0 -2.1738 -0.328617 -0.000405734
20.32 195.58 0 -2.1748 -0.328429 0.000987744
20.32 231.14 0 -2.1748 -0.328429 0.000987744
20.32 233.68 0 -2.1748 -0.328429 0.000987744
20.32 236.22 0 -2.1956 -0.328689 0.000264662
20.32 238.76 0 -2.1971 -0.328424 0.000904444
20.32 241.3 0 -2.1987 -0.329138 -0.00126944
20.32 243.84 0 -2.2002 -0.328996 -0.00187731
20.32 246.38 0 -2.2017 -0.331287 -0.00299168
20.32 248.92 0 -2.2032 -0.328655 -0.00106767
20.32 251.46 0 -2.2047 -0.329616 0.000957496
20.32 254 0 -2.206 -0.328717 0.000736009
20.32 287.02 0 -2.207 -0.329047 0.000694772
20.32 289.56 0 -2.2039 -0.329474 0.00192344
20.32 292.1 0 -2.2001 -0.327824 0.0047978
20.32 294.64 0 -2.1952 -0.328645 0.00438404
20.32 297.18 0 -2.1893 -0.328555 0.00460879
20.32 299.72 0 -2.1822 -0.328296 0.00605435
20.32 302.26 0 -2.1738 -0.329491 0.00540908
20.32 304.8 0 -2.1641 -0.328286 0.00886108
20.32 307.34 0 -2.1528 -0.328258 0.00983539
20.32 309.88 0 -2.14 -0.327855 0.0115608
20.32 340.36 0 -1.8381 -0.287702 0.0249811
20.32 342.9 0 -1.8003 -0.281372 0.0257904
20.32 345.44 0 -1.7607 -0.276411 0.0267991
20.32 347.98 0 -1.7195 -0.270175 0.0279224
20.32 350.52 0 -1.6768 -0.26393 0.0281437
20.32 353.06 0 -1.6327 -0.256704 0.0297868
20.32 355.6 0 -1.5874 -0.249861 0.030795
20.32 358.14 0 -1.541 -0.241754 0.031654
20.32 360.68 0 -1.4937 -0.235468 0.0301254
20.32 363.22 0 -1.4456 -0.226911 0.0313377
22.86 172.72 0 -2.1645 -0.328513 -0.00145118
22.86 175.26 0 -2.1662 -0.327666 0.000764317
22.86 177.8 0 -2.1677 -0.328624 -0.000709678
22.86 180.34 0 -2.169 -0.329034 -0.00128304
22.86 182.88 0 -2.1702 -0.329583 -0.000509395
22.86 185.42 0 -2.1712 -0.327865 0.00158908
22.86 187.96 0 -2.1722 -0.328508 0.00141672
22.86 190.5 0 -2.1731 -0.329287 -0.00170214
22.86 193.04 0 -2.174 -0.32947 -0.000527547
22.86 195.58 0 -2.1748 -0.328059 0.00178339
22.86 231.14 0 -2.1748 -0.328059 0.00178339
22.86 233.68 0 -2.1748 -0.328059 0.00178339
22.86 236.22 0 -2.1956 -0.328692 -0.00073134
22.86 238.76 0 -2.1972 -0.328729 -0.000122677
22.86 241.3 0 -2.1988 -0.329124 0.000687443
22.86 243.84 0 -2.2004 -0.328389 -0.000394262
22.86 246.38 0 -2.2019 -0.329823 -0.0015876
22.86 248.92 0 -2.2035 -0.328379 0.0013531
22.86 251.46 0 -2.205 -0.329638 -0.000515246
22.86 254 0 -2.2064 -0.329078 -0.00149694
22.86 287.02 0 -2.2103 -0.328362 0.00304843
22.86 289.56 0 -2.2076 -0.329461 0.00155098
22.86 292.1 0 -2.2042 -0.329128 0.00522386
22.86 294.64 0 -2.1997 -0.329136 0.00647228
22.86 297.18 0 -2.1943 -0.32832 0.00642317
22.86 299.72 0 -2.1876 -0.327955 0.00795669
22.86 302.26 0 -2.1797 -0.329419 0.0055316
22.86 304.8 0 -2.1703 -0.32775 0.0106016
22.86 307.34 0 -2.1594 -0.328374 0.0112529
22.86 309.88 0 -2.1469 -0.327871 0.0122369
22.86 340.36 0 -1.8455 -0.288822 0.029198
22.86 342.9 0 -1.8072 -0.283475 0.0283177
22.86 345.44 0 -1.7672 -0.276629 0.030274
22.86 347.98 0 -1.7256 -0.269961 0.0306458
22.86 350.52 0 -1.6823 -0.264253 0.0325954
22.86 353.06 0 -1.6376 -0.256881 0.0337916
22.86 355.6 0 -1.5917 -0.249946 0.0348275
22.86 358.14 0 -1.5447 -0.242838 0.0356538
22.86 360.68 0 -1.4967 -0.235136 0.0359554
22.86 363.22 0 -1.4479 -0.22726 0.0363568
25.4 172.72 0 -2.1655 -0.328854 -0.000919162
25.4 175.26 0 -2.1671 -0.328952 -0.00225235
25.4 177.8 0 -2.1685 -0.328472 0.000872168
25.4 180.34 0 -2.1697 -0.329981 -0.00127188
25.4 182.88 0 -2.1708 -0.328416 2.61965e-05
25.4 185.42 0 -2.1717 -0.328759 3.11997e-05
25.4 187.96 0 -2.1725 -0.328791 -0.000559081
25.4 190.5 0 -2.1733 -0.328476 0.00175984
25.4 193.04 0 -2.1741 -0.329931 -0.000349225
25.4 195.58 0 -2.1748 -0.329267 0.000745113
25.4 231.14 0 -2.1748 -0.329267 0.000745113
25.4 233.68 0 -2.1748 -0.329267 0.000745113
25.4 236.22 0 -2.1956 -0.328453 0.000686969
25.4 238.76 0 -2.1973 -0.328009 -0.000162612
25.4 241.3 0 -2.1989 -0.328539 0.00025138
25.4 243.84 0 -2.2006 -0.328544 0.000888374
25.4 246.38 0 -2.2022 -0.329601 -0.00117151
25.4 248.92 0 -2.2037 -0.329287 -0.000742575
25.4 251.46 0 -2.2053 -0.329135 0.00043825
25.4 254 0 -2.2068 -0.328532 0.00109742
25.4 287.02 0 -2.2139 -0.328713 0.00419829
25.4 289.56 0 -2.2117 -0.329142 0.00465562
25.4 292.1 0 -2.2087 -0.328691 0.00616652
25.4 294.64 0 -2.2048 -0.328282 0.0043164
25.4 297.18 0 -2.1998 -0.330278 0.00514353
25.4 299.72 0 -2.1937 -0.329453 0.00623015
25.4 302.26 0 -2.1862 -0.329615 0.00737413
25.4 304.8 0 -2.1773 -0.32854 0.0096463
25.4 307.34 0 -2.1669 -0.327534 0.011859
25.4 309.88 0 -2.1548 -0.328075 0.0129838
25.4 340.36 0 -1.8538 -0.290344 0.0305273
25.4 342.9 0 -1.8152 -0.284419 0.0328295
25.4 345.44 0 -1.7747 -0.279665 0.0342095
25.4 347.98 0 -1.7325 -0.271654 0.0354371
25.4 350.52 0 -1.6886 -0.265342 0.0362551
25.4 353.06 0 -1.6433 -0.258611 0.0374269
25.4 355.6 0 -1.5967 -0.250973 0.0385288
25.4 358.14 0 -1.5489 -0.243522 0.0392043
25.4 360.68 0 -1.5001 -0.23515 0.0390784
25.4 363.22 0 -1.4505 -0.229592 0.0402408
27.94 172.72 0 -2.1666 -0.329443 -0.00160236
27.94 175.26 0 -2.1681 -0.329831 -0.00112182
27.94 177.8 0 -2.1694 -0.327919 0.000776108
27.94 180.34 0 -2.1705 -0.329479 -0.00161283
27.94 182.88 0 -2.1714 -0.328449 0.00140562
27.94 185.42 0 -2.1722 -0.330493 -0.00238498
27.94 187.96 0 -2.1729 -0.328116 0.00089139
27.94 190.5 0 -2.1736 -0.328538 0.00018806
27.94 193.04 0 -2.1742 -0.329151 -0.00112605
27.94 195.58 0 -2.1748 -0.328827 0.000235418
27.94 231.14 0 -2.1748 -0.328827 0.000235418
27.94 233.68 0 -2.1748 -0.328827 0.000235418
27.94 236.22 0 -2.1957 -0.327803 0.000694364
27.94 238.76 0 -2.1974 -0.328959 -0.000438958
27.94 241.3 0 -2.1991 -0.329205 -0.00103425
27.94 243.84 0 -2.2007 -0.329114 0.000109808
27.94 246.38 0 -2.2024 -0.328738 0.000585621
27.94 248.92 0 -2.204 -0.327969 0.000851814
27.94 251.46 0 -2.2056 -0.32875 -0.00152267
27.94 254 0 -2.2072 -0.328745 0.000857273
27.94 287.02 0 -2.2179 -0.328944 0.00401356
27.94 289.56 0 -2.2162 -0.329761 0.000887022
27.94 292.1 0 -2.2138 -0.329957 0.00471731
27.94 294.64 0 -2.2104 -0.328309 0.00511626
27.94 297.18 0 -2.206 -0.32718 0.00760832
27.94 299.72 0 -2.2004 -0.328279 0.00924687
27.94 302.26 0 -2.1935 -0.327575 0.0108082
27.94 304.8 0 -2.1851 -0.32868 0.01049
27.94 307.34 0 -2.1752 -0.328611 0.0125834
27.94 309.88 0 -2.1636 -0.329255 0.0115591
27.94 340.36 0 -1.8633 -0.291716 0.0339872
27.94 342.9 0 -1.8242 -0.285521 0.0366558
27.94 345.44 0 -1.7832 -0.279023 0.0369861
27.94 347.98 0 -1.7403 -0.271287 0.0394742
27.94 350.52 0 -1.6958 -0.26561 0.0405168
27.94 353.06 0 -1.6497 -0.258675 0.0404207
27.94 355.6 0 -1.6022 -0.252326 0.0417411
27.94 358.14 0 -1.5536 -0.244845 0.0426129
27.94 360.68 0 -1.5039 -0.235052 0.0450646
27.94 363.22 0 -1.4535 -0.228609 0.0445103
30.48 172.72 0 -2.1679 -0.328278 0.000352958
30.48 175.26 0 -2.1693 -0.33012 -0.00224284
30.48 177.8 0 -2.1704 -0.328999 -0.000205865
30.48 180.34 0 -2.1714 -0.328273 0.00158818
30.48 182.88 0 -2.1721 -0.329133 -0.00134599
30.48 185.42 0 -2.1727 -0.328357 -0.000624354
30.48 187.96 0 -2.1733 -0.328313 0.00134907
30.48 190.5 0 -2.1738 -0.328865 -0.000652817
30.48 193.04 0 -2.1743 -0.327915 -2.87905e-05
30.48 195.58 0 -2.1748 -0.328557 0.00101123
30.48 231.14 0 -2.1748 -0.328557 0.00101123
30.48 233.68 0 -2.1748 -0.328557 0.00101123
30.48 236.22 0 -2.1957 -0.328217 0.000295359
30.48 238.76 0 -2.1975 -0.328695 0.000741876
30.48 241.3 0 -2.1992 -0.328918 -0.000731039
30.48 243.84 0 -2.2009 -0.328329 0.000628285
30.48 246.38 0 -2.2026 -0.329071 0.00066877
30.48 248.92 0 -2.2042 -0.329278 -0.00217296
30.48 251.46 0 -2.2059 -0.329994 -0.00175199
30.48 254 0 -2.2075 -0.329626 -0.00136129
30.48 287.02 0 -2.2222 -0.330057 0.00245358
30.48 289.56 0 -2.2211 -0.328614 0.00502588
30.48 292.1 0 -2.2192 -0.328609 0.00493679
30.48 294.64 0 -2.2165 -0.328763 0.00666479
30.48 297.18 0 -2.2127 -0.3278 0.00797472
30.48 299.72 0 -2.2078 -0.329062 0.00609528
30.48 302.26 0 -2.2015 -0.328257 0.00931593
30.48 304.8 0 -2.1937 -0.329274 0.00877729
30.48 307.34 0 -2.1844 -0.329022 0.0119078
30.48 309.88 0 -2.1734 -0.328619 0.0129828
30.48 340.36 0 -1.8739 -0.292114 0.0376093
30.48 342.9 0 -1.8343 -0.287149 0.040244
30.48 345.44 0 -1.7926 -0.280731 0.0404739
30.48 347.98 0 -1.7491 -0.273329 0.0430545
30.48 350.52 0 -1.7037 -0.267788 0.0434608
30.48 353.06 0 -1.6568 -0.260057 0.045802
30.48 355.6 0 -1.6084 -0.252081 0.0473993
30.48 358.14 0 -1.5588 -0.244312 0.0478882
30.48 360.68 0 -1.5082 -0.236062 0.04871
30.48 363.22 0 -1.4567 -0.230892 0.0482939
33.02 172.72 0 -2.1694 -0.327992 -0.000342468
33.02 175.26 0 -2.1706 -0.329754 -0.000672519
33.02 177.8 0 -2.1716 -0.328244 -0.0013859
33.02 180.34 0 -2.1723 -0.329308 -0.00196971
33.02 182.88 0 -2.1729 -0.329339 0.000220023
33.02 185.42 0 -2.1733 -0.328075 0.00112674
33.02 187.96 0 -2.1737 -0.32865 -0.000766665
33.02 190.5 0 -2.174 -0.328523 0.000468169
33.02 193.04 0 -2.1743 -0.328927 -0.000631305
33.02 195.58 0 -2.1747 -0.329753 -0.00175119
33.02 231.14 0 -2.1747 -0.329753 -0.00175119
33.02 233.68 0 -2.1747 -0.329753 -0.00175119
33.02 236.22 0 -2.1958 -0.329616 -0.000315123
33.02 238.76 0 -2.1976 -0.328478 0.000963909
33.02 241.3 0 -2.1993 -0.32865 -0.00259433
33.02 243.84 0 -2.2011 -0.328439 6.13459e-05
33.02 246.38 0 -2.2028 -0.329063 -0.000946163
33.02 248.92 0 -2.2045 -0.328732 -8.54385e-05
33.02 251.46 0 -2.2062 -0.329654 0.000640821
33.02 254 0 -2.2079 -0.328717 0.000246288
33.02 287.02 0 -2.2267 -0.327999 0.00427988
33.02 289.56 0 -2.2263 -0.329055 0.00201688
33.02 292.1 0 -2.2251 -0.328366 0.00613137
33.02 294.64 0 -2.2231 -0.328367 0.00567298
33.02 297.18 0 -2.22 -0.329468 0.007272
33.02 299.72 0 -2.2158 -0.327881 0.00920077
33.02 302.26 0 -2.2103 -0.327759 0.0107674
33.02 304.8 0 -2.2032 -0.328922 0.00995217
33.02 307.34 0 -2.1946 -0.329763 0.0106787
33.02 309.88 0 -2.1841 -0.327735 0.0157716
33.02 340.36 0 -1.8857 -0.293509 0.0412932
33.02 342.9 0 -1.8455 -0.28863 0.0430989
33.02 345.44 0 -1.8031 -0.28202 0.0456209
33.02 347.98 0 -1.7588 -0.275482 0.0472899
33.02 350.52 0 -1.7126 -0.268513 0.0472808
33.02 353.06 0 -1.6647 -0.259867 0.0488091
33.02 355.6 0 -1.6154 -0.253552 0.0507315
33.02 358.14 0 -1.5647 -0.246217 0.0516955
33.02 360.68 0 -1.5129 -0.23719 0.0533974
33.02 363.22 0 -1.4603 -0.228966 0.0528987
35.56 172.72 0 -2.171 -0.329828 -0.00319305
35.56 175.26 0 -2.1721 -0.330288 -0.00331746
35.56 177.8 0 -2.1728 -0.329309 -0.000950115
35.56 180.34 0 -2.1734 -0.328459 0.000538074
35.56 182.88 0 -2.1737 -0.32702 0.000623168
35.56 185.42 0 -2.174 -0.328948 -0.0006645
35.56 187.96 0 -2.1741 -0.328665 -0.00172647
35.56 190.5 0 -2.1742 -0.327949 0.000641502
35.56 193.04 0 -2.1743 -0.328826 0.000941992
35.56 195.58 0 -2.1745 -0.329943 0.000118822
35.56 231.14 0 -2.1745 -0.329943 0.000118822
35.56 233.68 0 -2.1745 -0.329943 0.000118822
35.56 236.22 0 -2.1959 -0.329746 -0.00280672
35.56 238.76 0 -2.1977 -0.328953 -0.000493247
35.56 241.3 0 -2.1995 -0.32922 -0.000835044
35.56 243.84 0 -2.2013 -0.330504 -0.0033608
35.56 246.38 0 -2.203 -0.32895 -0.00266257
35.56 248.92 0 -2.2047 -0.328789 -0.00058753
35.56 251.46 0 -2.2064 -0.329465 -0.000579498
35.56 254 0 -2.2082 -0.328258 0.000596398
35.56 287.02 0 -2.2315 -0.328771 0.00230753
35.56 289.56 0 -2.2318 -0.327193 0.00518442
35.56 292.1 0 -2.2314 -0.328946 0.00528514
35.56 294.64 0 -2.2302 -0.328581 0.00624444
35.56 297.18 0 -2.228 -0.328259 0.00807711
35.56 299.72 0 -2.2245 -0.328532 0.00801694
35.56 302.26 0 -2.2198 -0.327472 0.00844717
35.56 304.8 0 -2.2136 -0.327415 0.012327
35.56 307.34 0 -2.2056 -0.328691 0.013202
35.56 309.88 0 -2.1959 -0.326413 0.016235
35.56 340.36 0 -1.8987 -0.295689 0.0444325
35.56 342.9 0 -1.8579 -0.289595 0.0472612
35.56 345.44 0 -1.8148 -0.28539 0.0468142
35.56 347.98 0 -1.7696 -0.276599 0.0510554
35.56 350.52 0 -1.7225 -0.270239 0.0517043
35.56 353.06 0 -1.6736 -0.261746 0.0527391
35.56 355.6 0 -1.623 -0.255761 0.0543817
35.56 358.14 0 -1.5712 -0.247616 0.055194
35.56 360.68 0 -1.5181 -0.240346 0.0561782
35.56 363.22 0 -1.4642 -0.228978 0.0586341
38.1 172.72 0 -2.1728 -0.330338 -0.00395239
38.1 175.26 0 -2.1737 -0.328683 0.000502487
38.1 177.8 0 -2.1742 -0.328797 0.00071577
38.1 180.34 0 -2.1745 -0.32988 -0.000851087
38.1 182.88 0 -2.1746 -0.328279 0.00172336
38.1 185.42 0 -2.1746 -0.327867 0.00256516
38.1 187.96 0 -2.1745 -0.329553 -0.00113701
38.1 190.5 0 -2.1744 -0.328695 0.0016671
38.1 193.04 0 -2.1743 -0.327718 0.00121217
38.1 195.58 0 -2.1743 -0.329608 -0.00157495
38.1 231.14 0 -2.1743 -0.329608 -0.00157495
38.1 233.68 0 -2.1743 -0.329608 -0.00157495
38.1 236.22 0 -2.196 -0.328638 -0.000179199
38.1 238.76 0 -2.1978 -0.329079 -3.5119e-05
38.1 241.3 0 -2.1997 -0.328852 -0.00122992
38.1 243.84 0 -2.2014 -0.329367 -0.000609346
38.1 246.38 0 -2.2032 -0.327817 -8.11312e-05
38.1 248.92 0 -2.2049 -0.329534 -0.00305441
38.1 251.46 0 -2.2067 -0.329181 -0.00132032
38.1 254 0 -2.2084 -0.328085 -0.000178199
38.1 287.02 0 -2.2365 -0.329285 0.00227567
38.1 289.56 0 -2.2376 -0.328014 0.00200551
38.1 292.1 0 -2.2381 -0.32796 0.00574458
38.1 294.64 0 -2.2378 -0.328165 0.0063387
38.1 297.18 0 -2.2365 -0.328003 0.00807085
38.1 299.72 0 -2.234 -0.328751 0.00765328
38.1 302.26 0 -2.2301 -0.328816 0.00838649
38.1 304.8 0 -2.2248 -0.328183 0.0130467
38.1 307.34 0 -2.2177 -0.329015 0.0113125
38.1 309.88 0 -2.2088 -0.328071 0.0154745
38.1 340.36 0 -1.9132 -0.297513 0.0480167
38.1 342.9 0 -1.8716 -0.2919 0.049893
38.1 345.44 0 -1.8277 -0.285165 0.0521666
38.1 347.98 0 -1.7816 -0.279146 0.0538492
38.1 350.52 0 -1.7334 -0.268796 0.0564383
38.1 353.06 0 -1.6833 -0.264138 0.0571817
38.1 355.6 0 -1.6315 -0.255818 0.0598341
38.1 358.14 0 -1.5783 -0.248007 0.0618353
38.1 360.68 0 -1.5239 -0.23896 0.0625533
38.1 363.22 0 -1.4685 -0.230783 0.0618898
40.64 172.72 0 -2.1749 -0.328868 0.000272345
40.64 175.26 0 -2.1755 -0.329155 -0.00105765
40.64 177.8 0 -2.1758 -0.330502 -0.0030183
40.64 180.34 0 -2.1758 -0.329382 0.000314858
40.64 182.88 0 -2.1756 -0.327717 0.000317613
40.64 185.42 0 -2.1753 -0.32888 -0.000677447
40.64 187.96 0 -2.1749 -0.328746 -0.000137327
40.64 190.5 0 -2.1745 -0.327697 0.000111896
40.64 193.04 0 -2.1741 -0.329062 -0.000644672
40.64 195.58 0 -2.1739 -0.328707 -0.000511062
40.64 231.14 0 -2.1739 -0.328707 -0.000511062
40.64 233.68 0 -2.1739 -0.328707 -0.000511062
40.64 236.22 0 -2.1961 -0.329157 -0.00267762
40.64 238.76 0 -2.198 -0.328325 0.000716266
40.64 241.3 0 -2.1999 -0.328516 0.000461691
40.64 243.84 0 -2.2017 -0.32892 -0.00274982
40.64 246.38 0 -2.2034 -0.328496 7.52087e-05
40.64 248.92 0 -2.2051 -0.329441 -0.00163741
40.64 251.46 0 -2.2068 -0.328158 -0.00149055
40.64 254 0 -2.2086 -0.327894 -0.000484708
40.64 287.02 0 -2.2416 -0.328996 0.000739837
40.64 289.56 0 -2.2437 -0.328541 0.00432095
40.64 292.1 0 -2.2451 -0.328673 0.00588066
40.64 294.64 0 -2.2458 -0.328111 0.00758143
40.64 297.18 0 -2.2455 -0.328523 0.00571531
40.64 299.72 0 -2.2441 -0.328726 0.00909559
40.64 302.26 0 -2.2413 -0.3284 0.00824612
40.64 304.8 0 -2.237 -0.328298 0.0104931
40.64 307.34 0 -2.2309 -0.32845 0.0134504
40.64 309.88 0 -2.2228 -0.329618 0.0146509
40.64 340.36 0 -1.9291 -0.2994 0.0521335
40.64 342.9 0 -1.8868 -0.293174 0.0558465
40.64 345.44 0 -1.842 -0.288296 0.0558007
40.64 347.98 0 -1.7948 -0.28082 0.0587586
40.64 350.52 0 -1.7454 -0.27319 0.0593902
40.64 353.06 0 -1.694 -0.264668 0.0626585
40.64 355.6 0 -1.6408 -0.25808 0.0622371
40.64 358.14 0 -1.5861 -0.249614 0.0647847
40.64 360.68 0 -1.5301 -0.239796 0.0672681
40.64 363.22 0 -1.4732 -0.230599 0.0676004
43.18 172.72 0 -2.1772 -0.327574 -0.000883887
43.18 175.26 0 -2.1776 -0.328698 7.53828e-05
43.18 177.8 0 -2.1776 -0.328543 0.000157675
43.18 180.34 0 -2.1772 -0.328494 0.000826752
43.18 182.88 0 -2.1767 -0.329281 -0.000750501
43.18 185.42 0 -2.176 -0.328019 0.000460891
43.18 187.96 0 -2.1753 -0.329402 0.000145501
43.18 190.5 0 -2.1745 -0.329697 -0.00129365
43.18 193.04 0 -2.1739 -0.329268 -0.00198948
43.18 195.58 0 -2.1734 -0.328505 0.00138783
43.18 231.14 0 -2.1734 -0.328505 0.00138783
43.18 233.68 0 -2.1734 -0.328505 0.00138783
43.18 236.22 0 -2.1963 -0.328004 -8.27527e-05
43.18 238.76 0 -2.1983 -0.327954 -0.00109223
43.18 241.3 0 -2.2001 -0.327984 -0.00227354
43.18 243.84 0 -2.2019 -0.328081 0.000204674
43.18 246.38 0 -2.2036 -0.328428 0.00037565
43.18 248.92 0 -2.2053 -0.326852 -0.000592584
43.18 251.46 0 -2.207 -0.328131 0.00113535
43.18 254 0 -2.2087 -0.329731 -0.000819729
43.18 287.02 0 -2.2469 -0.328739 0.00325133
43.18 289.56 0 -2.25 -0.329025 0.00202329
43.18 292.1 0 -2.2525 -0.329516 0.00239335
43.18 294.64 0 -2.2543 -0.32882 0.00477882
43.18 297.18 0 -2.2552 -0.328999 0.0069115
43.18 299.72 0 -2.2549 -0.328419 0.0083797
43.18 302.26 0 -2.2533 -0.327801 0.0116045
43.18 304.8 0 -2.2501 -0.328679 0.01063
43.18 307.34 0 -2.2451 -0.32782 0.0151267
43.18 309.88 0 -2.2381 -0.327596 0.0172561
43.18 340.36 0 -1.9467 -0.302272 0.055827
43.18 342.9 0 -1.9035 -0.296167 0.0569229
43.18 345.44 0 -1.8577 -0.290685 0.059317
43.18 347.98 0 -1.8093 -0.282316 0.063257
43.18 350.52 0 -1.7586 -0.275626 0.0639236
43.18 353.06 0 -1.7058 -0.267407 0.0673106
43.18 355.6 0 -1.6511 -0.258045 0.0695038
43.18 358.14 0 -1.5947 -0.249907 0.0708397
43.18 360.68 0 -1.537 -0.239996 0.0724713
43.18 363.22 0 -1.4782 -0.231775 0.0733541
45.72 172.72 0 -2.1798 -0.328089 -0.000670355
45.72 175.26 0 -2.1798 -0.329077 -0.00121477
45.72 177.8 0 -2.1795 -0.328273 0.000373769
45.72 180.34 0 -2.1788 -0.329197 -0.000445197
45.72 182.88 0 -2.1779 -0.329472 -0.00181392
45.72 185.42 0 -2.1768 -0.328968 0.00100162
45.72 187.96 0 -2.1756 -0.328553 0.00125389
45.72 190.5 0 -2.1745 -0.328554 0.00127123
45.72 193.04 0 -2.1735 -0.328324 0.00263415
45.72 195.58 0 -2.1727 -0.329335 0.00131174
45.72 231.14 0 -2.1727 -0.329335 0.00131174
45.72 233.68 0 -2.1727 -0.329335 0.00131174
45.72 236.22 0 -2.1966 -0.327852 0.000761212
45.72 238.76 0 -2.1986 -0.329204 -0.00116845
45.72 241.3 0 -2.2005 -0.328411 -0.000979944
45.72 243.84 0 -2.2022 -0.327825 0.000502885
45.72 246.38 0 -2.2039 -0.330041 -0.00249839
45.72 248.92 0 -2.2055 -0.329104 -0.00373538
45.72 251.46 0 -2.2071 -0.327457 -8.06455e-05
45.72 254 0 -2.2087 -0.32917 4.11725e-05
45.72 287.02 0 -2.2522 -0.328397 0.00246289
45.72 289.56 0 -2.2564 -0.328495 0.00120872
45.72 292.1 0 -2.2602 -0.328655 0.00168068
45.72 294.64 0 -2.2632 -0.329505 0.00184373
45.72 297.18 0 -2.2654 -0.329611 0.00387674
45.72 299.72 0 -2.2664 -0.329044 0.00720403
45.72 302.26 0 -2.2661 -0.328205 0.00836264
45.72 304.8 0 -2.2642 -0.328072 0.0136759
45.72 307.34 0 -2.2604 -0.328464 0.0144959
45.72 309.88 0 -2.2546 -0.327204 0.0168143
45.72 340.36 0 -1.9659 -0.305365 0.0603472
45.72 342.9 0 -1.9218 -0.298943 0.0634299
45.72 345.44 0 -1.8749 -0.290658 0.0649816
45.72 347.98 0 -1.8253 -0.285427 0.0682581
45.72 350.52 0 -1.7732 -0.277847 0.0688617
45.72 353.06 0 -1.7188 -0.268688 0.0716305
45.72 355.6 0 -1.6624 -0.260724 0.0734493
45.72 358.14 0 -1.6042 -0.251117 0.0749287
45.72 360.68 0 -1.5445 -0.242991 0.0752479
45.72 363.22 0 -1.4837 -0.231891 0.07933
48.26 172.72 0 -2.1827 -0.329049 -0.00258268
48.26 175.26 0 -2.1824 -0.329425 -0.00284948
48.26 177.8 0 -2.1817 -0.329175 0.000259323
48.26 180.34 0 -2.1805 -0.327851 0.00155908
48.26 182.88 0 -2.1791 -0.329091 0.000155687
48.26 185.42 0 -2.1775 -0.328857 0.000510101
48.26 187.96 0 -2.1759 -0.327623 0.0022494
48.26 190.5 0 -2.1743 -0.329963 -0.00145107
48.26 193.04 0 -2.1729 -0.327942 0.0016389
48.26 195.58 0 -2.1718 -0.329225 0.000873546
48.26 231.14 0 -2.1718 -0.329225 0.000873546
48.26 233.68 0 -2.1718 -0.329225 0.000873546
48.26 236.22 0 -2.197 -0.329092 -0.0016143
48.26 238.76 0 -2.199 -0.328045 -0.000455922
48.26 241.3 0 -2.2009 -0.328412 0.00108104
48.26 243.84 0 -2.2026 -0.329093 -0.00132297
48.26 246.38 0 -2.2042 -0.328798 -0.00261367
48.26 248.92 0 -2.2056 -0.328569 -0.00280032
48.26 251.46 0 -2.2071 -0.328733 -0.000480812
48.26 254 0 -2.2086 -0.329074 -0.000367322
48.26 287.02 0 -2.2575 -0.328381 0.000596709
48.26 289.56 0 -2.263 -0.329001 0.00145374
48.26 292.1 0 -2.2681 -0.328869 0.00201593
48.26 294.64 0 -2.2725 -0.329079 0.00327988
48.26 297.18 0 -2.2761 -0.328748 0.00465052
48.26 299.72 0 -2.2787 -0.328863 0.00665241
48.26 302.26 0 -2.2798 -0.32938 0.0072094
48.26 304.8 0 -2.2793 -0.330141 0.0087607
48.26 307.34 0 -2.2769 -0.328682 0.0130503
48.26 309.88 0 -2.2724 -0.32764 0.017451
48.26 340.36 0 -1.987 -0.309751 0.0625837
48.26 342.9 0 -1.942 -0.301494 0.0662041
48.26 345.44 0 -1.8939 -0.294295 0.0697333
48.26 347.98 0 -1.8429 -0.286991 0.0715717
48.26 350.52 0 -1.7892 -0.279856 0.0744198
48.26 353.06 0 -1.7331 -0.27122 0.076463
48.26 355.6 0 -1.6747 -0.261005 0.0793924
48.26 358.14 0 -1.6145 -0.251814 0.0825436
48.26 360.68 0 -1.5527 -0.243831 0.0825054
48.26 363.22 0 -1.4897 -0.23353 0.0841399
50.8 172.72 0 -2.186 -0.329103 9.108e-05
50.8 175.26 0 -2.1853 -0.327763 3.10794e-05
50.8 177.8 0 -2.1841 -0.329588 -0.000752647
50.8 180.34 0 -2.1824 -0.328638 6.03739e-05
50.8 182.88 0 -2.1805 -0.329417 0.00131511
50.8 185.42 0 -2.1783 -0.328725 0.00246221
50.8 187.96 0 -2.1761 -0.329208 -9.33667e-05
50.8 190.5 0 -2.174 -0.328322 0.00244621
50.8 193.04 0 -2.1721 -0.328175 0.00226921
50.8 195.58 0 -2.1706 -0.329364 -0.00026347
50.8 231.14 0 -2.1706 -0.329364 -0.00026347
50.8 233.68 0 -2.1706 -0.329364 -0.00026347
50.8 236.22 0 -2.1976 -0.328651 -0.000480378
50.8 238.76 0 -2.1996 -0.329033 -0.00248154
50.8 241.3 0 -2.2015 -0.328305 -0.000525934
50.8 243.84 0 -2.2031 -0.328445 -0.00100686
50.8 246.38 0 -2.2045 -0.328864 -0.00110654
50.8 248.92 0 -2.2058 -0.33014 -0.00334898
50.8 251.46 0 -2.2071 -0.328831 -0.00195258
50.8 254 0 -2.2084 -0.328448 -0.000203753
50.8 287.02 0 -2.2627 -0.329069 -0.000247523
50.8 289.56 0 -2.2696 -0.328505 0.00218687
50.8 292.1 0 -2.2761 -0.329018 0.0020744
50.8 294.64 0 -2.2822 -0.328957 0.00185059
50.8 297.18 0 -2.2874 -0.328109 0.00631954
50.8 299.72 0 -2.2916 -0.327891 0.00777605
50.8 302.26 0 -2.2944 -0.330419 0.00614478
50.8 304.8 0 -2.2955 -0.329448 0.00808483
50.8 307.34 0 -2.2947 -0.328729 0.0121222
50.8 309.88 0 -2.2916 -0.329564 0.0148062
50.8 340.36 0 -2.0102 -0.313148 0.0657483
50.8 342.9 0 -1.964 -0.304478 0.0710379
50.8 345.44 0 -1.9146 -0.299003 0.0734881
50.8 347.98 0 -1.8622 -0.289259 0.0776066
50.8 350.52 0 -1.8068 -0.28257 0.0791244
50.8 353.06 0 -1.7487 -0.272327 0.0813215
50.8 355.6 0 -1.6883 -0.263678 0.0842964
50.8 358.14 0 -1.6259 -0.253627 0.0872877
50.8 360.68 0 -1.5617 -0.24484 0.089269
50.8 363.22 0 -1.4962 -0.235009 0.0900124
