#% x z      bx bz     nx        nz
0 210.82 0 -2.1816 -0.328271 0.000871416
0 213.36 0 -2.1829 -0.329189 -0.000873593
0 215.9 0 -2.1842 -0.329705 -0.00100867
0 218.44 0 -2.1855 -0.329103 0.00163991
0 220.98 0 -2.1868 -0.328649 0.00188895
0 223.52 0 -2.1882 -0.328796 0.00165464
0 226.06 0 -2.1896 -0.328971 0.000715357
0 269.24 0 -2.2073 -0.328419 0.00198071
0 271.78 0 -2.2069 -0.329037 0.000594634
0 274.32 0 -2.2062 -0.328376 0.00221567
0 276.86 0 -2.2049 -0.327589 0.00203378
0 279.4 0 -2.2032 -0.329341 0.00220259
0 281.94 0 -2.2009 -0.329542 0.00149152
0 284.48 0 -2.198 -0.32878 -0.000256827
0 330.2 0 -1.9408 -0.302654 0.00227999
0 332.74 0 -1.9111 -0.298787 0.000435489
0 335.28 0 -1.8796 -0.294384 0.00280054
0 337.82 0 -1.8464 -0.290528 0.000798023
0 340.36 0 -1.8115 -0.284389 0.0025546
0 342.9 0 -1.775 -0.279045 0.00178621
0 345.44 0 -1.737 -0.272813 0.000446058
0 388.62 0 -0.97712 -0.158304 -0.000543236
0 391.16 0 -0.93372 -0.15072 -0.000414537
0 393.7 0 -0.89125 -0.141622 -0.000878741
0 396.24 0 -0.8498 -0.135663 -0.000844803
0 398.78 0 -0.80945 -0.127756 0.00168914
0 401.32 0 -0.77025 -0.122576 0.000470231
0 403.86 0 -0.74375 -0.120507 -0.00103703
2.54 210.82 0.00062292 -2.1816 -0.328514 0.000950656
2.54 213.36 0.00063895 -2.1829 -0.328028 0.00253978
2.54 215.9 0.00065551 -2.1842 -0.329637 -0.000638413
2.54 218.44 0.00067166 -2.1855 -0.327903 0.00147862
2.54 220.98 0.00068658 -2.1868 -0.328651 -0.00084412
2.54 223.52 0.00069951 -2.1882 -0.328663 0.000309294
2.54 226.06 0.00070985 -2.1896 -0.328493 0.00288798
2.54 269.24 -0.00011301 -2.2074 -0.328529 0.00127233
2.54 271.78 -0.00028941 -2.207 -0.328975 0.000752769
2.54 274.32 -0.00049356 -2.2063 -0.328169 0.00243687
2.54 276.86 -0.00072828 -2.2051 -0.329523 -0.000999277
2.54 279.4 -0.00099631 -2.2033 -0.328782 0.00267816
2.54 281.94 -0.0013003 -2.2011 -0.328977 0.00230534
2.54 284.48 -0.0016426 -2.1981 -0.32802 0.00124745
2.54 330.2 -0.014415 -1.9413 -0.303658 0.00295306
2.54 332.74 -0.015309 -1.9116 -0.299544 0.00247166
2.54 335.28 -0.016186 -1.8801 -0.293937 0.00319314
2.54 337.82 -0.01704 -1.8468 -0.289862 0.00313352
2.54 340.36 -0.017862 -1.8119 -0.285524 0.00371511
2.54 342.9 -0.018648 -1.7754 -0.278165 0.00304109
2.54 345.44 -0.01939 -1.7373 -0.273279 0.0036689
2.54 388.62 -0.021926 -0.97691 -0.158312 0.00283619
2.54 391.16 -0.021481 -0.93349 -0.148201 0.00362404
2.54 393.7 -0.020991 -0.891 -0.140263 0.00472253
2.54 396.24 -0.020461 -0.84953 -0.135037 0.00399065
2.54 398.78 -0.019897 -0.80916 -0.130889 0.0029143
2.54 401.32 -0.019304 -0.76995 -0.121741 0.00375223
2.54 403.86 -0.018898 -0.74323 -0.120633 0.00241264
5.08 210.82 0.0012447 -2.1816 -0.328215 0.00125973
5.08 213.36 0.0012775 -2.1828 -0.329502 0.000437777
5.08 215.9 0.0013113 -2.1841 -0.326894 0.00132774
5.08 218.44 0.0013443 -2.1855 -0.328628 0.00216712
5.08 220.98 0.0013746 -2.1868 -0.330003 -0.000343698
5.08 223.52 0.001401 -2.1882 -0.328086 0.00129726
5.08 226.06 0.0014221 -2.1896 -0.327602 0.00250668
5.08 269.24 -0.00020731 -2.2077 -0.327602 0.00250668
5.08 271.78 -0.000558 -2.2073 -0.327808 0.00138295
5.08 274.32 -0.00096419 -2.2066 -0.330229 -0.000912673
5.08 276.86 -0.0014316 -2.2054 -0.329544 0.000919637
5.08 279.4 -0.0019656 -2.2038 -0.328155 0.0029918
5.08 281.94 -0.0025717 -2.2016 -0.329404 0.00269745
5.08 284.48 -0.0032548 -2.1987 -0.329008 0.000942679
5.08 330.2 -0.028837 -1.9426 -0.303446 0.00815598
5.08 332.74 -0.030631 -1.9129 -0.297935 0.00642481
5.08 335.28 -0.03239 -1.8814 -0.295695 0.00699722
5.08 337.82 -0.034102 -1.8481 -0.289565 0.00852271
5.08 340.36 -0.035753 -1.8131 -0.284771 0.00687938
5.08 342.9 -0.037329 -1.7765 -0.277947 0.00943078
5.08 345.44 -0.038818 -1.7384 -0.274085 0.00650138
5.08 388.62 -0.043889 -0.97628 -0.157744 0.00719577
5.08 391.16 -0.042996 -0.93278 -0.149369 0.00765687
5.08 393.7 -0.042012 -0.89023 -0.14142 0.00776803
5.08 396.24 -0.040949 -0.84871 -0.133848 0.00737053
5.08 398.78 -0.039816 -0.80829 -0.131595 0.00660915
5.08 401.32 -0.038625 -0.76904 -0.123651 0.00569173
5.08 403.86 -0.037796 -0.7427 -0.118516 0.00654714
7.62 210.82 0.0018642 -2.1815 -0.328327 0.00276725
7.62 213.36 0.0019154 -2.1828 -0.329469 0.000488758
7.62 215.9 0.0019679 -2.1841 -0.329486 -0.00139346
7.62 218.44 0.0020188 -2.1854 -0.328924 0.000909676
7.62 220.98 0.0020658 -2.1868 -0.329557 0.0004266
7.62 223.52 0.0021065 -2.1882 -0.327726 0.00158293
7.62 226.06 0.0021391 -2.1896 -0.329869 -0.000818537
7.62 269.24 -0.00026423 -2.2081 -0.328643 0.000779358
7.62 271.78 -0.00078496 -2.2078 -0.32771 0.00203284
7.62 274.32 -0.0013889 -2.2071 -0.327659 0.00231447
7.62 276.86 -0.0020848 -2.2061 -0.329866 -0.000491009
7.62 279.4 -0.0028809 -2.2045 -0.329143 0.000789927
7.62 281.94 -0.0037854 -2.2024 -0.328436 0.00139566
7.62 284.48 -0.0048059 -2.1996 -0.329743 0.000288588
7.62 330.2 -0.043275 -1.9449 -0.302558 0.00944145
7.62 332.74 -0.045978 -1.9151 -0.299376 0.00769978
7.62 335.28 -0.04863 -1.8835 -0.295333 0.00851982
7.62 337.82 -0.051211 -1.8502 -0.290364 0.0100446
7.62 340.36 -0.053699 -1.8151 -0.283634 0.0105521
7.62 342.9 -0.056075 -1.7784 -0.279393 0.00917768
7.62 345.44 -0.05832 -1.7402 -0.273 0.0117272
7.62 388.62 -0.065929 -0.97522 -0.157833 0.0100531
7.62 391.16 -0.064579 -0.9316 -0.150186 0.00982149
7.62 393.7 -0.063093 -0.88894 -0.140936 0.0104824
7.62 396.24 -0.061488 -0.84733 -0.133933 0.00998856
7.62 398.78 -0.059778 -0.80683 -0.128117 0.0107643
7.62 401.32 -0.057982 -0.76751 -0.123112 0.00954504
7.62 403.86 -0.055673 -0.74127 -0.12042 0.00792364
10.16 210.82 0.0024805 -2.1815 -0.329037 0.000587968
10.16 213.36 0.0025523 -2.1827 -0.329758 -0.00194895
10.16 215.9 0.0026256 -2.184 -0.328404 0.00264882
10.16 218.44 0.0026965 -2.1854 -0.329752 -0.00156616
10.16 220.98 0.0027616 -2.1867 -0.328114 0.00055736
10.16 223.52 0.0028181 -2.1881 -0.329203 0.000537671
10.16 226.06 0.0028634 -2.1896 -0.32886 -0.000813913
10.16 269.24 -0.00026519 -2.2086 -0.327395 0.00235336
10.16 271.78 -0.0009495 -2.2084 -0.32867 0.00134797
10.16 274.32 -0.0017447 -2.2079 -0.32867 0.00134797
10.16 276.86 -0.0026626 -2.2069 -0.32861 0.0021218
10.16 279.4 -0.0037147 -2.2055 -0.328077 0.00284525
10.16 281.94 -0.0049121 -2.2035 -0.328615 0.000379011
10.16 284.48 -0.0062649 -2.2008 -0.329103 0.000710851
10.16 330.2 -0.057735 -1.9481 -0.304311 0.010847
10.16 332.74 -0.061363 -1.9183 -0.299641 0.0114941
10.16 335.28 -0.064923 -1.8866 -0.295362 0.0135722
10.16 337.82 -0.068388 -1.8532 -0.289764 0.0139301
10.16 340.36 -0.07173 -1.818 -0.285484 0.01229
10.16 342.9 -0.074921 -1.7812 -0.278883 0.0142536
10.16 345.44 -0.077935 -1.7427 -0.273662 0.0144087
10.16 388.62 -0.088082 -0.97373 -0.157516 0.0138655
10.16 391.16 -0.086265 -0.92994 -0.147482 0.0147186
10.16 393.7 -0.084265 -0.88713 -0.140308 0.0136153
10.16 396.24 -0.082104 -0.84538 -0.133052 0.0146812
10.16 398.78 -0.079806 -0.80477 -0.127827 0.0141603
10.16 401.32 -0.077392 -0.76536 -0.124687 0.0101074
10.16 403.86 -0.07355 -0.73984 -0.120466 0.0105684
12.7 210.82 0.0030926 -2.1814 -0.219945 -0.00276943
12.7 213.36 0.0031883 -2.1826 -0.328613 0.00205354
12.7 215.9 0.0032852 -2.1839 -0.329808 -0.00138983
12.7 218.44 0.0033786 -2.1853 -0.327604 0.00194052
12.7 220.98 0.0034641 -2.1867 -0.328575 -0.00014627
12.7 223.52 0.0035381 -2.1881 -0.328759 0.0013199
12.7 226.06 0.0035976 -2.1895 -0.328289 0.00167223
12.7 269.24 -0.00019178 -2.2093 -0.327418 0.00224503
12.7 271.78 -0.0010309 -2.2093 -0.328288 0.00326485
12.7 274.32 -0.0020085 -2.2088 -0.328585 0.00164979
12.7 276.86 -0.0031397 -2.208 -0.329633 -0.000836197
12.7 279.4 -0.0044394 -2.2067 -0.32874 0.00245686
12.7 281.94 -0.0059217 -2.2049 -0.329487 0.000529203
12.7 284.48 -0.0076 -2.2025 -0.328401 0.000876453
12.7 330.2 -0.072224 -1.9522 -0.305881 0.0136927
12.7 332.74 -0.076799 -1.9223 -0.300253 0.0143116
12.7 335.28 -0.081289 -1.8906 -0.297235 0.0144555
12.7 337.82 -0.085659 -1.857 -0.292308 0.0157762
12.7 340.36 -0.089873 -1.8217 -0.28576 0.0164331
12.7 342.9 -0.093899 -1.7847 -0.278371 0.0163056
12.7 345.44 -0.097701 -1.746 -0.27388 0.0171717
12.7 388.62 -0.11039 -0.97178 -0.155596 0.0176909
12.7 391.16 -0.10809 -0.92777 -0.14902 0.0162489
12.7 393.7 -0.10556 -0.88477 -0.140864 0.0166943
12.7 396.24 -0.10282 -0.84286 -0.134514 0.0159613
12.7 398.78 -0.099921 -0.8021 -0.13049 0.014688
12.7 401.32 -0.096873 -0.76258 -0.120688 0.0167324
12.7 403.86 -0.091931 -0.73743 -0.120328 0.0137249
15.24 210.82 0.0036998 -2.1813 -0.329162 0.000840898
15.24 213.36 0.0038234 -2.1825 -0.328692 0.00111114
15.24 215.9 0.0039478 -2.1838 -0.328709 -0.00165592
15.24 218.44 0.0040668 -2.1852 -0.328511 0.00221988
15.24 220.98 0.0041755 -2.1866 -0.328466 -0.00113588
15.24 223.52 0.0042693 -2.188 -0.328324 0.00147518
15.24 226.06 0.0043447 -2.1895 -0.329801 -0.000749432
15.24 269.24 -2.5811e-05 -2.2102 -0.328929 6.62696e-05
15.24 271.78 -0.0010084 -2.2103 -0.328771 0.00102476
15.24 274.32 -0.002157 -2.21 -0.328713 0.00157071
15.24 276.86 -0.0034903 -2.2093 -0.328731 0.00165154
15.24 279.4 -0.0050267 -2.2082 -0.32867 0.00128822
15.24 281.94 -0.006784 -2.2066 -0.329368 -0.000505008
15.24 284.48 -0.0087787 -2.2044 -0.328241 0.00195118
15.24 330.2 -0.08675 -1.9573 -0.30532 0.0147327
15.24 332.74 -0.092298 -1.9273 -0.301337 0.0179143
15.24 335.28 -0.097744 -1.8955 -0.295557 0.0170673
15.24 337.82 -0.10305 -1.8618 -0.291155 0.0194804
15.24 340.36 -0.10816 -1.8262 -0.286255 0.0198789
15.24 342.9 -0.11304 -1.789 -0.27984 0.0208689
15.24 345.44 -0.11766 -1.7501 -0.275334 0.019643
15.24 388.62 -0.13289 -0.96936 -0.155749 0.020932
15.24 391.16 -0.13008 -0.92509 -0.148638 0.0205537
15.24 393.7 -0.127 -0.88185 -0.142137 0.0193005
15.24 396.24 -0.12367 -0.83973 -0.134936 0.0190851
15.24 398.78 -0.12014 -0.7988 -0.127282 0.0185717
15.24 401.32 -0.11644 -0.75913 -0.120252 0.0202712
15.24 403.86 -0.11031 -0.73503 -0.116479 0.0186375
17.78 210.82 0.0043017 -2.1811 -0.329056 0.000587512
17.78 213.36 0.0044584 -2.1824 -0.329254 -0.000774247
17.78 215.9 0.0046146 -2.1837 -0.329095 0.00133638
17.78 218.44 0.0047633 -2.185 -0.328125 -0.00075782
17.78 220.98 0.0048983 -2.1865 -0.33008 -0.00279376
17.78 223.52 0.0050145 -2.1879 -0.329585 -0.00220353
17.78 226.06 0.0051079 -2.1894 -0.328534 0.00105928
17.78 269.24 0.00025057 -2.2111 -0.329356 -0.000767667
17.78 271.78 -0.00086147 -2.2114 -0.328616 0.0025913
17.78 274.32 -0.0021668 -2.2113 -0.329145 -0.000107395
17.78 276.86 -0.0036881 -2.2109 -0.329373 -0.00102427
17.78 279.4 -0.0054477 -2.21 -0.329037 0.00120566
17.78 281.94 -0.0074673 -2.2086 -0.32748 0.0024601
17.78 284.48 -0.0097671 -2.2067 -0.328524 0.00327858
17.78 330.2 -0.10132 -1.9634 -0.307627 0.0174867
17.78 332.74 -0.10787 -1.9333 -0.302817 0.0200325
17.78 335.28 -0.11431 -1.9013 -0.297731 0.0207376
17.78 337.82 -0.12057 -1.8674 -0.292808 0.0199402
17.78 340.36 -0.12662 -1.8317 -0.287978 0.022102
17.78 342.9 -0.13239 -1.7942 -0.281009 0.0227576
17.78 345.44 -0.13785 -1.755 -0.27584 0.0231275
17.78 388.62 -0.15562 -0.96645 -0.154717 0.0258255
17.78 391.16 -0.15228 -0.92186 -0.147933 0.0243705
17.78 393.7 -0.14862 -0.87834 -0.138415 0.0255898
17.78 396.24 -0.14468 -0.83598 -0.132719 0.0233192
17.78 398.78 -0.14049 -0.79485 -0.125613 0.0252256
17.78 401.32 -0.13611 -0.75501 -0.119909 0.0227901
17.78 403.86 -0.12975 -0.73158 -0.116869 0.0216218
20.32 210.82 0.0048982 -2.181 -0.328635 0.00197985
20.32 213.36 0.0050941 -2.1822 -0.329787 -0.00146014
20.32 215.9 0.0052877 -2.1835 -0.327152 0.00161426
20.32 218.44 0.0054707 -2.1849 -0.327869 0.00164306
20.32 220.98 0.0056358 -2.1863 -0.328206 0.00012906
20.32 223.52 0.0057773 -2.1878 -0.329603 -0.00132369
20.32 226.06 0.0058909 -2.1893 -0.328026 0.00119358
20.32 269.24 0.0006548 -2.2122 -0.328943 0.000763649
20.32 271.78 -0.00056972 -2.2127 -0.329147 0.00110957
20.32 274.32 -0.0020146 -2.2128 -0.328546 0.00339967
20.32 276.86 -0.0037067 -2.2126 -0.328231 0.00134253
20.32 279.4 -0.005673 -2.212 -0.328434 0.00311649
20.32 281.94 -0.0079393 -2.2109 -0.327875 0.00400481
20.32 284.48 -0.01053 -2.2093 -0.328841 0.00221468
20.32 330.2 -0.11594 -1.9705 -0.308242 0.0195618
20.32 332.74 -0.12354 -1.9404 -0.302993 0.0220871
20.32 335.28 -0.131 -1.9082 -0.297434 0.0216284
20.32 337.82 -0.13827 -1.8741 -0.293215 0.0240365
20.32 340.36 -0.14528 -1.8381 -0.287702 0.0249811
20.32 342.9 -0.15198 -1.8003 -0.281372 0.0257904
20.32 345.44 -0.15831 -1.7607 -0.276411 0.0267991
20.32 388.62 -0.17863 -0.96303 -0.155864 0.0278599
20.32 391.16 -0.17473 -0.91807 -0.145384 0.02899
20.32 393.7 -0.17045 -0.87422 -0.138891 0.0271582
20.32 396.24 -0.16586 -0.83158 -0.13152 0.0271566
20.32 398.78 -0.16099 -0.79021 -0.127018 0.0262816
20.32 401.32 -0.1559 -0.75019 -0.119703 0.025248
20.32 403.86 -0.1492 -0.72814 -0.118449 0.0222393
22.86 210.82 0.0054897 -2.1808 -0.327521 0.00154337
22.86 213.36 0.0057322 -2.182 -0.328485 -0.000427058
22.86 215.9 0.0059697 -2.1833 -0.32787 0.00200769
22.86 218.44 0.0061923 -2.1847 -0.327462 0.00143534
22.86 220.98 0.0063919 -2.1861 -0.329469 -0.000531457
22.86 223.52 0.0065619 -2.1876 -0.328088 0.000838112
22.86 226.06 0.0066977 -2.1892 -0.328623 -0.000827572
22.86 269.24 0.0012037 -2.2134 -0.328001 0.00166076
22.86 271.78 -0.00011299 -2.214 -0.328523 -0.000741144
22.86 274.32 -0.0016766 -2.2144 -0.328906 0.000433177
22.86 276.86 -0.0035189 -2.2145 -0.328548 0.00327324
22.86 279.4 -0.0056718 -2.2142 -0.328262 0.00298907
22.86 281.94 -0.0081662 -2.2135 -0.327895 0.00364284
22.86 284.48 -0.011031 -2.2122 -0.329037 0.00320236
22.86 330.2 -0.13061 -1.9787 -0.30864 0.0237099
22.86 332.74 -0.1393 -1.9484 -0.304769 0.024551
22.86 335.28 -0.14784 -1.9161 -0.300342 0.0245783
22.86 337.82 -0.15616 -1.8818 -0.294521 0.0276364
22.86 340.36 -0.16418 -1.8455 -0.288822 0.029198
22.86 342.9 -0.17185 -1.8072 -0.283475 0.0283177
22.86 345.44 -0.1791 -1.7672 -0.276629 0.030274
22.86 388.62 -0.20195 -0.95904 -0.154595 0.0325487
22.86 391.16 -0.19745 -0.91366 -0.145335 0.0324707
22.86 393.7 -0.19253 -0.86945 -0.139425 0.0296739
22.86 396.24 -0.18725 -0.82649 -0.133155 0.0291317
22.86 398.78 -0.18166 -0.78486 -0.125613 0.0287115
22.86 401.32 -0.17582 -0.74462 -0.118115 0.0289376
22.86 403.86 -0.16799 -0.72331 -0.115906 0.0276856
25.4 210.82 0.0060773 -2.1805 -0.328265 0.00185966
25.4 213.36 0.0063751 -2.1817 -0.328346 -0.00149388
25.4 215.9 0.006664 -2.1831 -0.328718 0.00138706
25.4 218.44 0.0069326 -2.1845 -0.328542 0.000529619
25.4 220.98 0.0071714 -2.1859 -0.328434 0.000853625
25.4 223.52 0.0073734 -2.1875 -0.329085 0.000198406
25.4 226.06 0.0075336 -2.1891 -0.32803 0.00149802
25.4 269.24 0.0019134 -2.2146 -0.328489 0.00139008
25.4 271.78 0.00052848 -2.2155 -0.32906 0.00157809
25.4 274.32 -0.0011293 -2.2162 -0.327746 0.00140513
25.4 276.86 -0.0030973 -2.2166 -0.329836 0.000756791
25.4 279.4 -0.0054129 -2.2166 -0.32887 0.00152453
25.4 281.94 -0.0081127 -2.2163 -0.327987 0.00379291
25.4 284.48 -0.011231 -2.2154 -0.32985 0.00184767
25.4 330.2 -0.14535 -1.988 -0.309946 0.0247292
25.4 332.74 -0.15518 -1.9576 -0.305503 0.0267675
25.4 335.28 -0.16484 -1.9251 -0.301161 0.0291747
25.4 337.82 -0.17426 -1.8905 -0.296438 0.0294566
25.4 340.36 -0.18336 -1.8538 -0.290344 0.0305273
25.4 342.9 -0.19204 -1.8152 -0.284419 0.0328295
25.4 345.44 -0.20025 -1.7747 -0.279665 0.0342095
25.4 388.62 -0.22563 -0.95447 -0.15438 0.0357082
25.4 391.16 -0.22049 -0.90861 -0.143735 0.0362928
25.4 393.7 -0.21488 -0.86399 -0.136208 0.0352885
25.4 396.24 -0.20887 -0.82068 -0.129421 0.0342377
25.4 398.78 -0.20251 -0.77876 -0.124554 0.0319759
25.4 401.32 -0.19589 -0.73829 -0.117909 0.0308374
25.4 403.86 -0.18679 -0.71849 -0.116557 0.0290252
27.94 210.82 0.0066626 -2.1802 -0.328808 -0.00217496
27.94 213.36 0.0070262 -2.1814 -0.328681 0.00163517
27.94 215.9 0.0073755 -2.1827 -0.329641 -0.00189191
27.94 218.44 0.0076972 -2.1842 -0.328461 -0.00015442
27.94 220.98 0.0079806 -2.1857 -0.328657 -0.0022033
27.94 223.52 0.0082179 -2.1873 -0.329351 0.000104561
27.94 226.06 0.0084043 -2.1889 -0.329786 0.000322164
27.94 269.24 0.0027989 -2.2159 -0.326904 0.00138194
27.94 271.78 0.0013739 -2.2171 -0.328505 -0.000428142
27.94 274.32 -0.00034907 -2.218 -0.328648 0.00173755
27.94 276.86 -0.0024136 -2.2188 -0.32925 0.00168713
27.94 279.4 -0.0048636 -2.2192 -0.330195 0.00133575
27.94 281.94 -0.0077419 -2.2193 -0.328288 0.00331211
27.94 284.48 -0.011089 -2.2189 -0.327941 0.00321975
27.94 330.2 -0.16014 -1.9985 -0.311194 0.0286199
27.94 332.74 -0.16014 -1.9985 -0.311194 0.0286199
27.94 335.28 -0.18204 -1.9352 -0.302393 0.0326356
27.94 337.82 -0.19262 -1.9003 -0.296934 0.0329745
27.94 340.36 -0.20283 -1.8633 -0.291716 0.0339872
27.94 342.9 -0.2126 -1.8242 -0.285521 0.0366558
27.94 345.44 -0.22183 -1.7832 -0.279023 0.0369861
27.94 388.62 -0.24971 -0.94926 -0.151937 0.0400019
27.94 391.16 -0.24388 -0.90287 -0.143694 0.0393621
27.94 393.7 -0.23753 -0.85779 -0.140769 0.0380278
27.94 396.24 -0.23073 -0.81409 -0.129269 0.0368808
27.94 398.78 -0.22357 -0.77185 -0.124501 0.0351543
27.94 401.32 -0.21611 -0.73113 -0.118237 0.0348246
27.94 403.86 -0.20586 -0.71321 -0.11347 0.0326253
30.48 210.82 0.0072488 -2.1798 -0.328753 0.00114982
30.48 213.36 0.0072488 -2.1798 -0.328753 0.00114982
30.48 215.9 0.0081104 -2.1824 -0.328832 -0.00045886
30.48 218.44 0.0084932 -2.1839 -0.32876 0.000630777
30.48 220.98 0.008827 -2.1854 -0.329122 0.000430682
30.48 223.52 0.0091033 -2.1871 -0.328921 -0.000475856
30.48 226.06 0.0093172 -2.1887 -0.328615 -0.000605323
30.48 269.24 0.003874 -2.2172 -0.328457 0.00152007
30.48 271.78 0.0024418 -2.2186 -0.32837 0.00184912
30.48 274.32 0.00068759 -2.22 -0.330501 -0.00154823
30.48 276.86 -0.0014393 -2.2211 -0.328616 0.00256732
30.48 279.4 -0.0039901 -2.2219 -0.328044 0.00375905
30.48 281.94 -0.007015 -2.2225 -0.329793 0.000164068
30.48 284.48 -0.010562 -2.2226 -0.329089 0.00357716
30.48 330.2 -0.17501 -2.0102 -0.312666 0.0308417
30.48 332.74 -0.18732 -1.9796 -0.308302 0.0333981
30.48 335.28 -0.19943 -1.9466 -0.304034 0.0353494
30.48 337.82 -0.21124 -1.9113 -0.297322 0.0358785
30.48 340.36 -0.22265 -1.8739 -0.292114 0.0376093
30.48 342.9 -0.23356 -1.8343 -0.287149 0.040244
30.48 345.44 -0.24387 -1.7926 -0.280731 0.0404739
30.48 388.62 -0.27425 -0.94336 -0.152017 0.0442059
30.48 391.16 -0.26767 -0.89639 -0.144715 0.0412223
30.48 393.7 -0.26051 -0.85079 -0.133868 0.0430284
30.48 396.24 -0.25288 -0.80667 -0.12825 0.0408857
30.48 398.78 -0.24485 -0.76409 -0.120586 0.0404787
30.48 401.32 -0.2365 -0.7231 -0.115105 0.0371442
30.48 403.86 -0.22578 -0.70656 -0.115956 0.0341363
33.02 210.82 0.0078399 -2.1793 -0.329049 -0.000639623
33.02 213.36 0.0083741 -2.1805 -0.328883 -0.000262448
33.02 215.9 0.0088767 -2.1819 -0.329291 -0.00218431
33.02 218.44 0.0093299 -2.1835 -0.328955 -0.000684211
33.02 220.98 0.0097204 -2.1851 -0.328111 0.000922913
33.02 223.52 0.010039 -2.1868 -0.328412 0.00148638
33.02 226.06 0.010281 -2.1886 -0.328568 3.00996e-05
33.02 269.24 0.0051509 -2.2185 -0.328562 -0.000357181
33.02 271.78 0.0037497 -2.2202 -0.329007 0.00067311
33.02 274.32 0.0020039 -2.2219 -0.328389 0.00143786
33.02 276.86 -0.00014514 -2.2234 -0.328309 0.00309382
33.02 279.4 -0.0027572 -2.2248 -0.328805 0.00291954
33.02 281.94 -0.0058908 -2.2258 -0.328869 0.00296095
33.02 284.48 -0.0096023 -2.2265 -0.330056 0.00133738
33.02 330.2 -0.18994 -2.0233 -0.314442 0.03306
33.02 332.74 -0.20361 -1.9925 -0.310703 0.0349029
33.02 335.28 -0.21706 -1.9592 -0.30363 0.0385908
33.02 337.82 -0.23018 -1.9236 -0.299707 0.0405167
33.02 340.36 -0.24286 -1.8857 -0.293509 0.0412932
33.02 342.9 -0.25498 -1.8455 -0.28863 0.0430989
33.02 345.44 -0.26644 -1.8031 -0.28202 0.0456209
33.02 388.62 -0.29928 -0.9367 -0.149212 0.0484632
33.02 391.16 -0.29188 -0.88909 -0.141519 0.0457104
33.02 393.7 -0.28386 -0.84295 -0.134537 0.0455375
33.02 396.24 -0.28386 -0.84295 -0.134537 0.0455375
33.02 398.78 -0.26635 -0.75542 -0.123048 0.0416736
33.02 401.32 -0.25706 -0.71415 -0.113153 0.0420773
33.02 403.86 -0.2457 -0.69992 -0.112759 0.0395559
35.56 210.82 0.0084421 -2.1787 -0.329225 -0.00170218
35.56 213.36 0.0090859 -2.18 -0.328813 -0.00206606
35.56 215.9 0.009685 -2.1814 -0.329706 -0.00111479
35.56 218.44 0.010219 -2.183 -0.330123 -0.00206248
35.56 220.98 0.010673 -2.1847 -0.328868 -0.00148353
35.56 223.52 0.011037 -2.1865 -0.328778 -0.000814975
35.56 226.06 0.011307 -2.1883 -0.32877 0.000213734
35.56 269.24 0.0066394 -2.2197 -0.329222 -0.0022676
35.56 271.78 0.0053136 -2.2218 -0.327623 0.00114111
35.56 274.32 0.0036227 -2.2238 -0.329137 0.000166169
35.56 276.86 0.0014986 -2.2258 -0.328848 0.00132092
35.56 279.4 -0.0011281 -2.2277 -0.329882 -0.00130796
35.56 281.94 -0.004326 -2.2293 -0.328614 0.000110095
35.56 284.48 -0.0081609 -2.2306 -0.328811 0.00324408
35.56 330.2 -0.20495 -2.0377 -0.318267 0.0335104
35.56 332.74 -0.22005 -2.0068 -0.312256 0.0377404
35.56 335.28 -0.23493 -1.9732 -0.306872 0.039684
35.56 337.82 -0.24945 -1.9372 -0.301832 0.0439111
35.56 340.36 -0.26348 -1.8987 -0.295689 0.0444325
35.56 342.9 -0.27691 -1.8579 -0.289595 0.0472612
35.56 345.44 -0.2896 -1.8148 -0.28539 0.0468142
35.56 388.62 -0.32486 -0.92922 -0.149301 0.0522907
35.56 391.16 -0.31656 -0.88091 -0.141085 0.0507943
35.56 393.7 -0.3076 -0.83417 -0.132812 0.0500344
35.56 396.24 -0.29807 -0.78911 -0.125585 0.0471954
35.56 398.78 -0.2881 -0.74577 -0.118199 0.0468028
35.56 401.32 -0.27778 -0.70422 -0.111408 0.0456283
35.56 403.86 -0.26607 -0.69216 -0.10903 0.0450983
38.1 210.82 0.0090637 -2.1779 -0.329356 -0.000555538
38.1 213.36 0.0098371 -2.1793 -0.328072 -0.000530914
38.1 215.9 0.010549 -2.1808 -0.328658 0.000321778
38.1 218.44 0.011176 -2.1825 -0.328983 -0.0013973
38.1 220.98 0.0117 -2.1843 -0.32899 -0.000617194
38.1 223.52 0.012112 -2.1862 -0.328495 0.000198793
38.1 226.06 0.012408 -2.1881 -0.328056 0.000363765
38.1 269.24 0.008347 -2.2208 -0.32892 0.00156606
38.1 271.78 0.0071482 -2.2232 -0.328897 -0.00187044
38.1 274.32 0.0055662 -2.2257 -0.329085 0.00066103
38.1 276.86 0.0035221 -2.2281 -0.329275 -0.00118365
38.1 279.4 0.00093535 -2.2306 -0.327921 0.00215618
38.1 281.94 -0.0022742 -2.2328 -0.329743 -0.000829169
38.1 284.48 -0.0061835 -2.2348 -0.328213 0.00201874
38.1 330.2 -0.22003 -2.0537 -0.32021 0.0370305
38.1 332.74 -0.23667 -2.0225 -0.314776 0.0410621
38.1 335.28 -0.25307 -1.9887 -0.309272 0.0428769
38.1 337.82 -0.26909 -1.9522 -0.303174 0.0460036
38.1 340.36 -0.28457 -1.9132 -0.297513 0.0480167
38.1 342.9 -0.29939 -1.8716 -0.2919 0.049893
38.1 345.44 -0.31341 -1.8277 -0.285165 0.0521666
38.1 388.62 -0.35103 -0.92084 -0.14779 0.0562508
38.1 391.16 -0.34175 -0.87176 -0.137036 0.0560245
38.1 393.7 -0.33175 -0.82439 -0.130156 0.0543527
38.1 396.24 -0.32116 -0.77881 -0.125095 0.0504264
38.1 398.78 -0.3101 -0.73507 -0.1184 0.0498158
38.1 401.32 -0.29869 -0.69323 -0.111444 0.0482089
38.1 403.86 -0.28689 -0.6833 -0.111839 0.0443814
40.64 210.82 0.0097157 -2.1771 -0.32903 -0.0010679
40.64 213.36 0.010643 -2.1785 -0.329228 -0.00225061
40.64 215.9 0.011486 -2.1801 -0.329832 -0.00328599
40.64 218.44 0.012219 -2.1818 -0.329293 -0.00199021
40.64 220.98 0.012822 -2.1838 -0.329293 -0.00199021
40.64 223.52 0.013283 -2.1858 -0.328305 -0.00230592
40.64 226.06 0.013602 -2.1879 -0.328119 -0.000676893
40.64 269.24 0.010278 -2.2217 -0.329617 -0.0020262
40.64 271.78 0.0092654 -2.2245 -0.328801 -0.000328109
40.64 274.32 0.0078553 -2.2274 -0.328551 -0.0012211
40.64 276.86 0.0059558 -2.2304 -0.328638 0.000277339
40.64 279.4 0.0034732 -2.2334 -0.327655 0.00274088
40.64 281.94 0.00031406 -2.2364 -0.32836 0.000305616
40.64 284.48 -0.0036119 -2.2392 -0.328166 0.00282312
40.64 330.2 -0.23517 -2.0712 -0.323162 0.0408804
40.64 332.74 -0.25347 -2.0399 -0.316938 0.0437046
40.64 335.28 -0.2715 -2.0057 -0.313368 0.0443804
40.64 337.82 -0.28913 -1.9688 -0.306124 0.0492282
40.64 340.36 -0.30618 -1.9291 -0.2994 0.0521335
40.64 342.9 -0.3225 -1.8868 -0.293174 0.0558465
40.64 345.44 -0.33794 -1.842 -0.288296 0.0558007
40.64 388.62 -0.37785 -0.91145 -0.145111 0.0607989
40.64 391.16 -0.36749 -0.86156 -0.139101 0.0574534
40.64 393.7 -0.35636 -0.8135 -0.128523 0.0571141
40.64 396.24 -0.34459 -0.76738 -0.120896 0.0555145
40.64 398.78 -0.33235 -0.72323 -0.114543 0.0548901
40.64 401.32 -0.31975 -0.68109 -0.107966 0.0518607
40.64 403.86 -0.30771 -0.67445 -0.109339 0.0490522
43.18 210.82 0.010413 -2.176 -0.328774 -0.000191988
43.18 213.36 0.011522 -2.1775 -0.328481 -0.000361389
43.18 215.9 0.01252 -2.1792 -0.329094 -0.000610228
43.18 218.44 0.013373 -2.1811 -0.328895 -0.000411099
43.18 220.98 0.014062 -2.1832 -0.328363 -0.00242155
43.18 223.52 0.014574 -2.1854 -0.329182 -0.00262562
43.18 226.06 0.014909 -2.1876 -0.32855 3.98119e-05
43.18 269.24 0.012431 -2.2224 -0.328376 0.00052651
43.18 271.78 0.011675 -2.2256 -0.330375 -0.00131519
43.18 274.32 0.01051 -2.2289 -0.32908 -0.00192238
43.18 276.86 0.0088303 -2.2325 -0.329003 -0.00229082
43.18 279.4 0.0065273 -2.2361 -0.327763 4.20946e-05
43.18 281.94 0.0034915 -2.2399 -0.328973 -0.000259874
43.18 284.48 -0.00038261 -2.2435 -0.329195 -0.00127582
43.18 330.2 -0.25038 -2.0904 -0.32616 0.0396056
43.18 332.74 -0.27045 -2.0589 -0.320805 0.0460579
43.18 335.28 -0.29025 -2.0245 -0.315164 0.04918
43.18 337.82 -0.3096 -1.987 -0.309133 0.0518563
43.18 340.36 -0.32834 -1.9467 -0.302272 0.055827
43.18 342.9 -0.34628 -1.9035 -0.296167 0.0569229
43.18 345.44 -0.36327 -1.8577 -0.290685 0.059317
43.18 388.62 -0.40538 -0.90095 -0.144083 0.0656535
43.18 391.16 -0.39381 -0.85018 -0.135062 0.0623545
43.18 393.7 -0.38142 -0.80141 -0.129951 0.059294
43.18 396.24 -0.36838 -0.75471 -0.121174 0.0581963
43.18 398.78 -0.35484 -0.71015 -0.113584 0.0559136
43.18 401.32 -0.34096 -0.66774 -0.106187 0.0565666
43.18 403.86 -0.32934 -0.66351 -0.105107 0.0545354
45.72 210.82 0.011175 -2.1747 -0.329181 -0.0020493
45.72 213.36 0.0125 -2.1763 -0.329054 -0.00123902
45.72 215.9 0.013677 -2.1782 -0.329286 -0.00292135
45.72 218.44 0.014669 -2.1803 -0.329159 -0.00216333
45.72 220.98 0.015451 -2.1826 -0.329927 -0.00306964
45.72 223.52 0.016013 -2.1849 -0.329117 -0.000722095
45.72 226.06 0.016355 -2.1874 -0.328333 -0.00136452
45.72 269.24 0.014802 -2.2229 -0.329175 -0.00249447
45.72 271.78 0.014381 -2.2263 -0.328275 0.000224545
45.72 274.32 0.013547 -2.2302 -0.328706 -0.000120879
45.72 276.86 0.012176 -2.2343 -0.328118 -0.0005386
45.72 279.4 0.010141 -2.2387 -0.329072 -0.00110236
45.72 281.94 0.0073151 -2.2432 -0.328985 -0.000217642
45.72 284.48 0.0035736 -2.2478 -0.329411 -0.000599765
45.72 330.2 -0.26566 -2.1115 -0.324218 0.044973
45.72 332.74 -0.28763 -2.0799 -0.325286 0.0463472
45.72 335.28 -0.30933 -2.045 -0.318985 0.0521952
45.72 337.82 -0.33055 -2.007 -0.311311 0.0553374
45.72 340.36 -0.35111 -1.9659 -0.305365 0.0603472
45.72 342.9 -0.37081 -1.9218 -0.298943 0.0634299
45.72 345.44 -0.38946 -1.8749 -0.290658 0.0649816
45.72 388.62 -0.43366 -0.88921 -0.143773 0.068793
45.72 391.16 -0.42075 -0.8375 -0.133304 0.067102
45.72 393.7 -0.40698 -0.78797 -0.125525 0.0641002
45.72 396.24 -0.39252 -0.7407 -0.118069 0.0632276
45.72 398.78 -0.37758 -0.69572 -0.111804 0.0608
45.72 401.32 -0.3623 -0.65305 -0.103646 0.0597372
45.72 403.86 -0.35123 -0.65188 -0.103609 0.0576268
48.26 210.82 0.012028 -2.1732 -0.329271 -0.000753403
48.26 213.36 0.013608 -2.175 -0.328245 0.00106473
48.26 215.9 0.014995 -2.177 -0.329094 0.000368955
48.26 218.44 0.016145 -2.1793 -0.328514 -0.00175634
48.26 220.98 0.01703 -2.1818 -0.329655 -0.00328207
48.26 223.52 0.017638 -2.1845 -0.328824 -0.00167434
48.26 226.06 0.017974 -2.1871 -0.329591 -0.00302301
48.26 269.24 0.017378 -2.2229 -0.329775 -0.00462663
48.26 271.78 0.017387 -2.2267 -0.32903 -0.00133173
48.26 274.32 0.016983 -2.231 -0.328646 -0.00110733
48.26 276.86 0.016024 -2.2358 -0.329293 -0.00220719
48.26 279.4 0.014362 -2.2409 -0.328626 -0.0024037
48.26 281.94 0.011846 -2.2463 -0.328959 -0.000103206
48.26 284.48 0.0083326 -2.2519 -0.328257 0.00059785
48.26 330.2 -0.28099 -2.1346 -0.324903 0.0462126
48.26 332.74 -0.30502 -2.1027 -0.325386 0.0482235
48.26 335.28 -0.32877 -2.0675 -0.321887 0.0535987
48.26 337.82 -0.35201 -2.0289 -0.314465 0.0608195
48.26 340.36 -0.37454 -1.987 -0.309751 0.0625837
48.26 342.9 -0.39614 -1.942 -0.301494 0.0662041
48.26 345.44 -0.41661 -1.8939 -0.294295 0.0697333
48.26 388.62 -0.46275 -0.87609 -0.141461 0.0746789
48.26 391.16 -0.44835 -0.82338 -0.132787 0.0706247
48.26 393.7 -0.43303 -0.77307 -0.122443 0.0686955
48.26 396.24 -0.41702 -0.72521 -0.118199 0.0655076
48.26 398.78 -0.40053 -0.67983 -0.108366 0.065798
48.26 401.32 -0.38374 -0.63694 -0.101353 0.0619738
48.26 403.86 -0.37313 -0.64025 -0.101898 0.0621913
50.8 210.82 0.013003 -2.1714 -0.328296 0.000116334
50.8 213.36 0.014887 -2.1733 -0.328629 -0.00152985
50.8 215.9 0.01652 -2.1756 -0.329606 -0.00196337
50.8 218.44 0.01785 -2.1782 -0.327939 3.60151e-05
50.8 220.98 0.018845 -2.1811 -0.328435 -0.00121022
50.8 223.52 0.019494 -2.184 -0.328002 -0.000544253
50.8 226.06 0.019806 -2.187 -0.329123 -0.00374893
50.8 269.24 0.020138 -2.2225 -0.328294 -0.000635353
50.8 271.78 0.020686 -2.2267 -0.328387 -0.000796181
50.8 274.32 0.020829 -2.2314 -0.328932 -0.00324916
50.8 276.86 0.020404 -2.2368 -0.328462 -0.00413164
50.8 279.4 0.019236 -2.2428 -0.327711 -0.0014184
50.8 281.94 0.017151 -2.2492 -0.328696 -0.0022051
50.8 284.48 0.013978 -2.2559 -0.328913 -0.000518918
50.8 330.2 -0.29637 -2.1598 -0.323858 0.0492706
50.8 332.74 -0.32263 -2.1278 -0.324052 0.0527356
50.8 335.28 -0.34859 -2.0921 -0.321876 0.0592608
50.8 337.82 -0.37402 -2.0529 -0.32035 0.0607348
50.8 340.36 -0.39868 -2.0102 -0.313148 0.0657483
50.8 342.9 -0.42234 -1.964 -0.304478 0.0710379
50.8 345.44 -0.44479 -1.9146 -0.299003 0.0734881
50.8 388.62 -0.4927 -0.86141 -0.138674 0.0785744
50.8 391.16 -0.47662 -0.80765 -0.128671 0.0762354
50.8 393.7 -0.4596 -0.75652 -0.119461 0.0733302
50.8 396.24 -0.44187 -0.70808 -0.115933 0.069382
50.8 398.78 -0.42367 -0.66233 -0.108832 0.0663448
50.8 401.32 -0.40523 -0.61926 -0.098631 0.0662985
50.8 403.86 -0.39621 -0.62501 -0.101047 0.0646092
